objectsCount time allocatedMemory usedMemory commandType
1 2.8463e-05 4096 72 ALLOCATE
2 4.378e-06 4096 144 ALLOCATE
3 3.557e-06 4096 216 ALLOCATE
4 6.142e-06 4096 288 ALLOCATE
5 8.486e-06 4096 360 ALLOCATE
6 3.186e-06 4096 432 ALLOCATE
7 3.476e-06 4096 504 ALLOCATE
8 4.949e-06 4096 576 ALLOCATE
9 3.376e-06 4096 648 ALLOCATE
10 3.326e-06 4096 720 ALLOCATE
11 3.596e-06 4096 792 ALLOCATE
12 3.627e-06 4096 864 ALLOCATE
13 3.657e-06 4096 936 ALLOCATE
14 3.707e-06 4096 1008 ALLOCATE
15 3.526e-06 4096 1080 ALLOCATE
16 1.3355e-05 4096 1152 ALLOCATE
17 4.508e-06 4096 1224 ALLOCATE
18 4.518e-06 4096 1296 ALLOCATE
19 4.869e-06 4096 1368 ALLOCATE
20 4.909e-06 4096 1440 ALLOCATE
21 4.679e-06 4096 1512 ALLOCATE
22 5.089e-06 4096 1584 ALLOCATE
23 4.989e-06 4096 1656 ALLOCATE
24 0.000264813 4096 1728 ALLOCATE
25 6.842e-06 4096 1800 ALLOCATE
26 7.063e-06 4096 1872 ALLOCATE
27 7.254e-06 4096 1944 ALLOCATE
28 1.62e-05 4096 2016 ALLOCATE
29 5.35e-06 4096 2088 ALLOCATE
30 6.091e-06 4096 2160 ALLOCATE
31 4.929e-06 4096 2232 ALLOCATE
32 2.166e-05 4096 2304 ALLOCATE
33 1.1873e-05 4096 2376 ALLOCATE
34 5.651e-06 4096 2448 ALLOCATE
35 1.0319e-05 4096 2520 ALLOCATE
36 9.658e-06 4096 2592 ALLOCATE
37 7.243e-06 4096 2664 ALLOCATE
38 6.422e-06 4096 2736 ALLOCATE
39 1.1091e-05 4096 2808 ALLOCATE
40 1.0119e-05 4096 2880 ALLOCATE
41 7.324e-06 4096 2952 ALLOCATE
42 1.092e-05 4096 3024 ALLOCATE
43 8.576e-06 4096 3096 ALLOCATE
44 8.035e-06 4096 3168 ALLOCATE
45 7.594e-06 4096 3240 ALLOCATE
46 6.882e-06 4096 3312 ALLOCATE
47 7.084e-06 4096 3384 ALLOCATE
48 7.454e-06 4096 3456 ALLOCATE
49 7.424e-06 4096 3528 ALLOCATE
50 7.183e-06 4096 3600 ALLOCATE
51 7.624e-06 4096 3672 ALLOCATE
52 8.686e-06 4096 3744 ALLOCATE
53 1.4357e-05 4096 3816 ALLOCATE
54 8.666e-06 4096 3888 ALLOCATE
55 1.1311e-05 4096 3960 ALLOCATE
56 1.2022e-05 4096 4032 ALLOCATE
57 2.4215e-05 8192 4104 ALLOCATE
58 7.864e-06 8192 4176 ALLOCATE
59 7.624e-06 8192 4248 ALLOCATE
60 8.136e-06 8192 4320 ALLOCATE
61 8.005e-06 8192 4392 ALLOCATE
62 7.714e-06 8192 4464 ALLOCATE
63 2.8193e-05 8192 4536 ALLOCATE
64 9.407e-06 8192 4608 ALLOCATE
65 8.826e-06 8192 4680 ALLOCATE
66 7.774e-06 8192 4752 ALLOCATE
67 1.2163e-05 8192 4824 ALLOCATE
68 8.466e-06 8192 4896 ALLOCATE
69 8.746e-06 8192 4968 ALLOCATE
70 1.5088e-05 8192 5040 ALLOCATE
71 1.2193e-05 8192 5112 ALLOCATE
72 1.0389e-05 8192 5184 ALLOCATE
73 1.2534e-05 8192 5256 ALLOCATE
74 1.046e-05 8192 5328 ALLOCATE
75 9.949e-06 8192 5400 ALLOCATE
76 1.2583e-05 8192 5472 ALLOCATE
77 9.999e-06 8192 5544 ALLOCATE
78 1.066e-05 8192 5616 ALLOCATE
79 1.2514e-05 8192 5688 ALLOCATE
80 1.4598e-05 8192 5760 ALLOCATE
81 1.1121e-05 8192 5832 ALLOCATE
82 1.0369e-05 8192 5904 ALLOCATE
83 1.104e-05 8192 5976 ALLOCATE
84 1.0339e-05 8192 6048 ALLOCATE
85 1.048e-05 8192 6120 ALLOCATE
86 1.059e-05 8192 6192 ALLOCATE
87 1.061e-05 8192 6264 ALLOCATE
88 1.2253e-05 8192 6336 ALLOCATE
89 1.1611e-05 8192 6408 ALLOCATE
90 1.1611e-05 8192 6480 ALLOCATE
91 1.8094e-05 8192 6552 ALLOCATE
92 1.1772e-05 8192 6624 ALLOCATE
93 1.1561e-05 8192 6696 ALLOCATE
94 1.3505e-05 8192 6768 ALLOCATE
95 1.074e-05 8192 6840 ALLOCATE
96 1.3405e-05 8192 6912 ALLOCATE
97 1.2514e-05 8192 6984 ALLOCATE
98 1.1311e-05 8192 7056 ALLOCATE
99 1.067e-05 8192 7128 ALLOCATE
100 1.072e-05 8192 7200 ALLOCATE
99 1.092e-05 8192 7128 DEALLOCATE
98 1.1131e-05 8192 7056 DEALLOCATE
99 1.2283e-05 8192 7128 ALLOCATE
98 1.1542e-05 8192 7056 DEALLOCATE
97 9.718e-06 8192 6984 DEALLOCATE
98 3.306e-06 8192 7056 ALLOCATE
97 1.1351e-05 8192 6984 DEALLOCATE
98 1.1932e-05 8192 7056 ALLOCATE
97 1.1391e-05 8192 6984 DEALLOCATE
96 1.3916e-05 8192 6912 DEALLOCATE
95 1.0138e-05 8192 6840 DEALLOCATE
94 1.091e-05 8192 6768 DEALLOCATE
93 1.0339e-05 8192 6696 DEALLOCATE
92 1.1482e-05 8192 6624 DEALLOCATE
91 1.0489e-05 8192 6552 DEALLOCATE
90 1.1261e-05 8192 6480 DEALLOCATE
91 1.1351e-05 8192 6552 ALLOCATE
92 1.112e-05 8192 6624 ALLOCATE
91 1.084e-05 8192 6552 DEALLOCATE
92 1.4437e-05 8192 6624 ALLOCATE
91 1.1462e-05 8192 6552 DEALLOCATE
90 1.0931e-05 8192 6480 DEALLOCATE
89 1.0881e-05 8192 6408 DEALLOCATE
88 1.5729e-05 8192 6336 DEALLOCATE
89 1.7232e-05 8192 6408 ALLOCATE
90 3.838e-06 8192 6480 ALLOCATE
89 9.999e-06 8192 6408 DEALLOCATE
90 1.1551e-05 8192 6480 ALLOCATE
91 3.326e-06 8192 6552 ALLOCATE
90 1.593e-05 8192 6480 DEALLOCATE
91 1.1652e-05 8192 6552 ALLOCATE
92 1.1662e-05 8192 6624 ALLOCATE
93 1.5048e-05 8192 6696 ALLOCATE
94 1.3174e-05 8192 6768 ALLOCATE
95 1.3375e-05 8192 6840 ALLOCATE
96 1.2193e-05 8192 6912 ALLOCATE
95 1.2654e-05 8192 6840 DEALLOCATE
96 1.3695e-05 8192 6912 ALLOCATE
97 3.727e-06 8192 6984 ALLOCATE
96 1.2954e-05 8192 6912 DEALLOCATE
95 1.4116e-05 8192 6840 DEALLOCATE
96 3.466e-06 8192 6912 ALLOCATE
95 1.1972e-05 8192 6840 DEALLOCATE
96 3.447e-06 8192 6912 ALLOCATE
97 3.226e-06 8192 6984 ALLOCATE
98 4.018e-06 8192 7056 ALLOCATE
97 1.1712e-05 8192 6984 DEALLOCATE
98 2.936e-06 8192 7056 ALLOCATE
99 1.3946e-05 8192 7128 ALLOCATE
100 4.258e-06 8192 7200 ALLOCATE
101 1.7052e-05 8192 7272 ALLOCATE
102 1.2313e-05 8192 7344 ALLOCATE
101 1.0139e-05 8192 7272 DEALLOCATE
100 1.0009e-05 8192 7200 DEALLOCATE
101 2.965e-06 8192 7272 ALLOCATE
102 3.356e-06 8192 7344 ALLOCATE
101 1.6651e-05 8192 7272 DEALLOCATE
102 4.058e-06 8192 7344 ALLOCATE
103 1.4227e-05 8192 7416 ALLOCATE
104 1.3936e-05 8192 7488 ALLOCATE
103 1.0129e-05 8192 7416 DEALLOCATE
104 3.727e-06 8192 7488 ALLOCATE
105 1.3665e-05 8192 7560 ALLOCATE
104 9.878e-06 8192 7488 DEALLOCATE
103 1.4086e-05 8192 7416 DEALLOCATE
102 1.2213e-05 8192 7344 DEALLOCATE
101 1.1311e-05 8192 7272 DEALLOCATE
100 1.6341e-05 8192 7200 DEALLOCATE
99 1.1842e-05 8192 7128 DEALLOCATE
98 1.07e-05 8192 7056 DEALLOCATE
97 1.3795e-05 8192 6984 DEALLOCATE
96 1.103e-05 8192 6912 DEALLOCATE
95 9.528e-06 8192 6840 DEALLOCATE
94 1.2493e-05 8192 6768 DEALLOCATE
93 1.3676e-05 8192 6696 DEALLOCATE
92 1.8404e-05 8192 6624 DEALLOCATE
93 4.539e-06 8192 6696 ALLOCATE
94 1.6481e-05 8192 6768 ALLOCATE
95 4.037e-06 8192 6840 ALLOCATE
94 1.4837e-05 8192 6768 DEALLOCATE
95 1.1562e-05 8192 6840 ALLOCATE
94 9.578e-06 8192 6768 DEALLOCATE
95 3.657e-06 8192 6840 ALLOCATE
96 3.707e-06 8192 6912 ALLOCATE
95 9.447e-06 8192 6840 DEALLOCATE
96 3.657e-06 8192 6912 ALLOCATE
95 1.077e-05 8192 6840 DEALLOCATE
94 1.2433e-05 8192 6768 DEALLOCATE
93 1.2664e-05 8192 6696 DEALLOCATE
94 1.3875e-05 8192 6768 ALLOCATE
95 3.487e-06 8192 6840 ALLOCATE
96 1.3375e-05 8192 6912 ALLOCATE
95 1.2333e-05 8192 6840 DEALLOCATE
96 1.3394e-05 8192 6912 ALLOCATE
95 1.3145e-05 8192 6840 DEALLOCATE
94 1.3746e-05 8192 6768 DEALLOCATE
95 2.945e-06 8192 6840 ALLOCATE
94 1.1822e-05 8192 6768 DEALLOCATE
93 1.7944e-05 8192 6696 DEALLOCATE
94 3.456e-06 8192 6768 ALLOCATE
93 1.2013e-05 8192 6696 DEALLOCATE
92 1.3004e-05 8192 6624 DEALLOCATE
93 3.426e-06 8192 6696 ALLOCATE
94 1.1952e-05 8192 6768 ALLOCATE
93 1.0149e-05 8192 6696 DEALLOCATE
94 1.8635e-05 8192 6768 ALLOCATE
95 1.1601e-05 8192 6840 ALLOCATE
94 1.575e-05 8192 6768 DEALLOCATE
93 1.6721e-05 8192 6696 DEALLOCATE
92 1.6341e-05 8192 6624 DEALLOCATE
93 3.536e-06 8192 6696 ALLOCATE
92 1.0109e-05 8192 6624 DEALLOCATE
93 4.338e-06 8192 6696 ALLOCATE
92 1.3074e-05 8192 6624 DEALLOCATE
93 3.396e-06 8192 6696 ALLOCATE
94 3.166e-06 8192 6768 ALLOCATE
93 1.5419e-05 8192 6696 DEALLOCATE
94 3.477e-06 8192 6768 ALLOCATE
95 1.7723e-05 8192 6840 ALLOCATE
94 1.1882e-05 8192 6768 DEALLOCATE
93 1.073e-05 8192 6696 DEALLOCATE
92 3.1739e-05 8192 6624 DEALLOCATE
91 1.083e-05 8192 6552 DEALLOCATE
92 2.986e-06 8192 6624 ALLOCATE
91 9.838e-06 8192 6552 DEALLOCATE
92 3.146e-06 8192 6624 ALLOCATE
93 4.669e-06 8192 6696 ALLOCATE
94 4.408e-06 8192 6768 ALLOCATE
93 1.4878e-05 8192 6696 DEALLOCATE
92 9.908e-06 8192 6624 DEALLOCATE
93 3.056e-06 8192 6696 ALLOCATE
94 5.52e-06 8192 6768 ALLOCATE
93 1.4628e-05 8192 6696 DEALLOCATE
92 1.2783e-05 8192 6624 DEALLOCATE
91 1.1892e-05 8192 6552 DEALLOCATE
90 1.0189e-05 8192 6480 DEALLOCATE
91 2.975e-06 8192 6552 ALLOCATE
92 2.895e-06 8192 6624 ALLOCATE
91 9.918e-06 8192 6552 DEALLOCATE
92 2.945e-06 8192 6624 ALLOCATE
93 3.046e-06 8192 6696 ALLOCATE
94 3.206e-06 8192 6768 ALLOCATE
93 1.0048e-05 8192 6696 DEALLOCATE
94 4.077e-06 8192 6768 ALLOCATE
93 1.2093e-05 8192 6696 DEALLOCATE
94 3.457e-06 8192 6768 ALLOCATE
95 3.477e-06 8192 6840 ALLOCATE
96 1.7813e-05 8192 6912 ALLOCATE
97 1.3274e-05 8192 6984 ALLOCATE
96 1.1662e-05 8192 6912 DEALLOCATE
97 4.358e-06 8192 6984 ALLOCATE
98 1.3785e-05 8192 7056 ALLOCATE
97 1.2053e-05 8192 6984 DEALLOCATE
98 3.807e-06 8192 7056 ALLOCATE
99 3.908e-06 8192 7128 ALLOCATE
98 1.4196e-05 8192 7056 DEALLOCATE
97 1.0019e-05 8192 6984 DEALLOCATE
98 3.858e-06 8192 7056 ALLOCATE
97 1.4627e-05 8192 6984 DEALLOCATE
98 3.918e-06 8192 7056 ALLOCATE
99 3.897e-06 8192 7128 ALLOCATE
98 1.2063e-05 8192 7056 DEALLOCATE
99 3.427e-06 8192 7128 ALLOCATE
98 1.028e-05 8192 7056 DEALLOCATE
97 1.0079e-05 8192 6984 DEALLOCATE
96 9.918e-06 8192 6912 DEALLOCATE
97 2.915e-06 8192 6984 ALLOCATE
96 1.9807e-05 8192 6912 DEALLOCATE
97 3.406e-06 8192 6984 ALLOCATE
96 1.0069e-05 8192 6912 DEALLOCATE
95 1.5589e-05 8192 6840 DEALLOCATE
96 3.727e-06 8192 6912 ALLOCATE
97 6.331e-06 8192 6984 ALLOCATE
98 4.799e-06 8192 7056 ALLOCATE
97 1.5108e-05 8192 6984 DEALLOCATE
98 3.046e-06 8192 7056 ALLOCATE
99 3.236e-06 8192 7128 ALLOCATE
98 1.0169e-05 8192 7056 DEALLOCATE
99 4.228e-06 8192 7128 ALLOCATE
100 1.6351e-05 8192 7200 ALLOCATE
99 1.2773e-05 8192 7128 DEALLOCATE
98 1.2614e-05 8192 7056 DEALLOCATE
99 3.596e-06 8192 7128 ALLOCATE
100 4.138e-06 8192 7200 ALLOCATE
101 1.6471e-05 8192 7272 ALLOCATE
100 1.2564e-05 8192 7200 DEALLOCATE
101 3.797e-06 8192 7272 ALLOCATE
100 1.4858e-05 8192 7200 DEALLOCATE
99 1.6981e-05 8192 7128 DEALLOCATE
98 1.4117e-05 8192 7056 DEALLOCATE
99 4.688e-06 8192 7128 ALLOCATE
98 1.8494e-05 8192 7056 DEALLOCATE
99 5.34e-06 8192 7128 ALLOCATE
98 1.0229e-05 8192 7056 DEALLOCATE
99 3.166e-06 8192 7128 ALLOCATE
98 1.653e-05 8192 7056 DEALLOCATE
99 3.507e-06 8192 7128 ALLOCATE
100 3.487e-06 8192 7200 ALLOCATE
99 1.062e-05 8192 7128 DEALLOCATE
100 4.247e-06 8192 7200 ALLOCATE
101 3.777e-06 8192 7272 ALLOCATE
102 3.917e-06 8192 7344 ALLOCATE
101 1.4778e-05 8192 7272 DEALLOCATE
100 1.0159e-05 8192 7200 DEALLOCATE
101 3.056e-06 8192 7272 ALLOCATE
100 1.0209e-05 8192 7200 DEALLOCATE
101 2.965e-06 8192 7272 ALLOCATE
102 3.105e-06 8192 7344 ALLOCATE
101 2.0047e-05 8192 7272 DEALLOCATE
102 3.507e-06 8192 7344 ALLOCATE
103 1.2062e-05 8192 7416 ALLOCATE
104 1.1992e-05 8192 7488 ALLOCATE
105 1.1702e-05 8192 7560 ALLOCATE
106 1.1842e-05 8192 7632 ALLOCATE
105 1.054e-05 8192 7560 DEALLOCATE
106 3.126e-06 8192 7632 ALLOCATE
107 1.1812e-05 8192 7704 ALLOCATE
106 1.095e-05 8192 7632 DEALLOCATE
107 3.337e-06 8192 7704 ALLOCATE
108 1.2233e-05 8192 7776 ALLOCATE
109 1.2383e-05 8192 7848 ALLOCATE
110 1.8985e-05 8192 7920 ALLOCATE
111 1.3145e-05 8192 7992 ALLOCATE
110 1.3195e-05 8192 7920 DEALLOCATE
111 3.396e-06 8192 7992 ALLOCATE
110 1.072e-05 8192 7920 DEALLOCATE
109 1.078e-05 8192 7848 DEALLOCATE
110 3.146e-06 8192 7920 ALLOCATE
111 3.467e-06 8192 7992 ALLOCATE
110 1.068e-05 8192 7920 DEALLOCATE
109 1.082e-05 8192 7848 DEALLOCATE
110 3.747e-06 8192 7920 ALLOCATE
111 3.476e-06 8192 7992 ALLOCATE
110 1.091e-05 8192 7920 DEALLOCATE
111 3.095e-06 8192 7992 ALLOCATE
110 1.053e-05 8192 7920 DEALLOCATE
109 1.089e-05 8192 7848 DEALLOCATE
108 1.4687e-05 8192 7776 DEALLOCATE
109 1.5959e-05 8192 7848 ALLOCATE
108 1.2623e-05 8192 7776 DEALLOCATE
107 1.2493e-05 8192 7704 DEALLOCATE
108 3.908e-06 8192 7776 ALLOCATE
107 1.069e-05 8192 7704 DEALLOCATE
108 3.036e-06 8192 7776 ALLOCATE
109 3.175e-06 8192 7848 ALLOCATE
110 1.9977e-05 8192 7920 ALLOCATE
109 1.3165e-05 8192 7848 DEALLOCATE
110 3.547e-06 8192 7920 ALLOCATE
111 3.196e-06 8192 7992 ALLOCATE
110 1.7733e-05 8192 7920 DEALLOCATE
111 3.917e-06 8192 7992 ALLOCATE
112 2.5828e-05 12288 8064 ALLOCATE
113 1.3225e-05 12288 8136 ALLOCATE
112 1.563e-05 12288 8064 DEALLOCATE
113 4.829e-06 12288 8136 ALLOCATE
114 1.4537e-05 12288 8208 ALLOCATE
115 1.3275e-05 12288 8280 ALLOCATE
114 1.1912e-05 12288 8208 DEALLOCATE
115 3.366e-06 12288 8280 ALLOCATE
116 1.2594e-05 12288 8352 ALLOCATE
117 1.583e-05 12288 8424 ALLOCATE
118 1.3274e-05 12288 8496 ALLOCATE
117 1.3345e-05 12288 8424 DEALLOCATE
118 3.376e-06 12288 8496 ALLOCATE
119 1.2774e-05 12288 8568 ALLOCATE
118 1.1662e-05 12288 8496 DEALLOCATE
117 1.1431e-05 12288 8424 DEALLOCATE
116 1.1171e-05 12288 8352 DEALLOCATE
115 1.3155e-05 12288 8280 DEALLOCATE
116 3.206e-06 12288 8352 ALLOCATE
115 2.131e-05 12288 8280 DEALLOCATE
114 1.3375e-05 12288 8208 DEALLOCATE
115 3.136e-06 12288 8280 ALLOCATE
114 1.1572e-05 12288 8208 DEALLOCATE
115 3.095e-06 12288 8280 ALLOCATE
116 3.035e-06 12288 8352 ALLOCATE
117 3.206e-06 12288 8424 ALLOCATE
116 1.8765e-05 12288 8352 DEALLOCATE
115 1.1431e-05 12288 8280 DEALLOCATE
116 4.338e-06 12288 8352 ALLOCATE
115 1.3224e-05 12288 8280 DEALLOCATE
114 1.3064e-05 12288 8208 DEALLOCATE
113 1.3936e-05 12288 8136 DEALLOCATE
114 3.767e-06 12288 8208 ALLOCATE
115 3.446e-06 12288 8280 ALLOCATE
116 3.676e-06 12288 8352 ALLOCATE
115 1.3835e-05 12288 8280 DEALLOCATE
114 1.3625e-05 12288 8208 DEALLOCATE
115 3.737e-06 12288 8280 ALLOCATE
116 4.097e-06 12288 8352 ALLOCATE
115 1.7021e-05 12288 8280 DEALLOCATE
114 1.1301e-05 12288 8208 DEALLOCATE
115 3.918e-06 12288 8280 ALLOCATE
116 3.326e-06 12288 8352 ALLOCATE
117 1.7493e-05 12288 8424 ALLOCATE
118 1.4998e-05 12288 8496 ALLOCATE
119 3.847e-06 12288 8568 ALLOCATE
118 1.4147e-05 12288 8496 DEALLOCATE
119 3.757e-06 12288 8568 ALLOCATE
118 1.4056e-05 12288 8496 DEALLOCATE
117 1.2233e-05 12288 8424 DEALLOCATE
116 1.4126e-05 12288 8352 DEALLOCATE
115 1.108e-05 12288 8280 DEALLOCATE
114 1.2283e-05 12288 8208 DEALLOCATE
113 1.3866e-05 12288 8136 DEALLOCATE
114 3.747e-06 12288 8208 ALLOCATE
113 2.0388e-05 12288 8136 DEALLOCATE
112 1.6902e-05 12288 8064 DEALLOCATE
113 4.378e-06 12288 8136 ALLOCATE
112 1.3025e-05 12288 8064 DEALLOCATE
113 3.657e-06 12288 8136 ALLOCATE
112 1.5459e-05 12288 8064 DEALLOCATE
111 1.093e-05 12288 7992 DEALLOCATE
112 4.007e-06 12288 8064 ALLOCATE
113 3.146e-06 12288 8136 ALLOCATE
112 1.609e-05 12288 8064 DEALLOCATE
113 3.045e-06 12288 8136 ALLOCATE
114 1.6791e-05 12288 8208 ALLOCATE
115 4.97e-06 12288 8280 ALLOCATE
116 1.4407e-05 12288 8352 ALLOCATE
117 1.5369e-05 12288 8424 ALLOCATE
118 1.3585e-05 12288 8496 ALLOCATE
119 1.3445e-05 12288 8568 ALLOCATE
120 1.586e-05 12288 8640 ALLOCATE
121 1.5649e-05 12288 8712 ALLOCATE
122 1.5619e-05 12288 8784 ALLOCATE
121 1.4287e-05 12288 8712 DEALLOCATE
122 3.576e-06 12288 8784 ALLOCATE
121 1.9927e-05 12288 8712 DEALLOCATE
122 3.176e-06 12288 8784 ALLOCATE
123 1.5819e-05 12288 8856 ALLOCATE
124 1.2844e-05 12288 8928 ALLOCATE
123 3.3532e-05 12288 8856 DEALLOCATE
122 1.1401e-05 12288 8784 DEALLOCATE
123 3.016e-06 12288 8856 ALLOCATE
122 1.61e-05 12288 8784 DEALLOCATE
121 1.4127e-05 12288 8712 DEALLOCATE
122 3.135e-06 12288 8784 ALLOCATE
123 1.9155e-05 12288 8856 ALLOCATE
122 1.2313e-05 12288 8784 DEALLOCATE
121 1.2083e-05 12288 8712 DEALLOCATE
120 1.6491e-05 12288 8640 DEALLOCATE
121 3.196e-06 12288 8712 ALLOCATE
122 2.966e-06 12288 8784 ALLOCATE
121 1.1281e-05 12288 8712 DEALLOCATE
122 3.828e-06 12288 8784 ALLOCATE
121 1.4066e-05 12288 8712 DEALLOCATE
120 1.2202e-05 12288 8640 DEALLOCATE
121 3.847e-06 12288 8712 ALLOCATE
122 3.266e-06 12288 8784 ALLOCATE
121 1.4647e-05 12288 8712 DEALLOCATE
122 4.088e-06 12288 8784 ALLOCATE
123 3.858e-06 12288 8856 ALLOCATE
122 1.4406e-05 12288 8784 DEALLOCATE
121 1.3936e-05 12288 8712 DEALLOCATE
122 3.416e-06 12288 8784 ALLOCATE
123 4.329e-06 12288 8856 ALLOCATE
122 2.122e-05 12288 8784 DEALLOCATE
123 1.5269e-05 12288 8856 ALLOCATE
124 1.1111e-05 12288 8928 ALLOCATE
123 1.4597e-05 12288 8856 DEALLOCATE
124 4.178e-06 12288 8928 ALLOCATE
123 1.4578e-05 12288 8856 DEALLOCATE
122 1.4868e-05 12288 8784 DEALLOCATE
121 1.4717e-05 12288 8712 DEALLOCATE
120 1.4246e-05 12288 8640 DEALLOCATE
119 1.3645e-05 12288 8568 DEALLOCATE
118 1.3636e-05 12288 8496 DEALLOCATE
119 2.945e-06 12288 8568 ALLOCATE
120 3.767e-06 12288 8640 ALLOCATE
121 5.15e-06 12288 8712 ALLOCATE
120 1.5499e-05 12288 8640 DEALLOCATE
121 4.107e-06 12288 8712 ALLOCATE
120 1.4246e-05 12288 8640 DEALLOCATE
119 1.613e-05 12288 8568 DEALLOCATE
118 1.2914e-05 12288 8496 DEALLOCATE
119 3.597e-06 12288 8568 ALLOCATE
120 4.268e-06 12288 8640 ALLOCATE
121 1.7682e-05 12288 8712 ALLOCATE
122 4.228e-06 12288 8784 ALLOCATE
123 1.5729e-05 12288 8856 ALLOCATE
124 5.23e-06 12288 8928 ALLOCATE
123 1.4286e-05 12288 8856 DEALLOCATE
122 1.4387e-05 12288 8784 DEALLOCATE
121 1.4337e-05 12288 8712 DEALLOCATE
120 1.609e-05 12288 8640 DEALLOCATE
119 1.605e-05 12288 8568 DEALLOCATE
120 3.927e-06 12288 8640 ALLOCATE
119 1.7733e-05 12288 8568 DEALLOCATE
118 1.4347e-05 12288 8496 DEALLOCATE
117 1.631e-05 12288 8424 DEALLOCATE
116 1.3225e-05 12288 8352 DEALLOCATE
117 2.945e-06 12288 8424 ALLOCATE
116 1.5018e-05 12288 8352 DEALLOCATE
117 4.679e-06 12288 8424 ALLOCATE
118 4.709e-06 12288 8496 ALLOCATE
119 4.949e-06 12288 8568 ALLOCATE
120 3.857e-06 12288 8640 ALLOCATE
119 1.8714e-05 12288 8568 DEALLOCATE
120 1.5659e-05 12288 8640 ALLOCATE
119 1.3996e-05 12288 8568 DEALLOCATE
118 1.1051e-05 12288 8496 DEALLOCATE
119 2.955e-06 12288 8568 ALLOCATE
120 1.2644e-05 12288 8640 ALLOCATE
119 1.575e-05 12288 8568 DEALLOCATE
120 3.176e-06 12288 8640 ALLOCATE
119 1.7572e-05 12288 8568 DEALLOCATE
120 1.2814e-05 12288 8640 ALLOCATE
121 3.076e-06 12288 8712 ALLOCATE
120 1.4608e-05 12288 8640 DEALLOCATE
121 3.867e-06 12288 8712 ALLOCATE
122 4.458e-06 12288 8784 ALLOCATE
123 2.149e-05 12288 8856 ALLOCATE
122 1.1491e-05 12288 8784 DEALLOCATE
123 3.026e-06 12288 8856 ALLOCATE
124 1.5769e-05 12288 8928 ALLOCATE
123 1.4086e-05 12288 8856 DEALLOCATE
124 3.086e-06 12288 8928 ALLOCATE
123 1.4316e-05 12288 8856 DEALLOCATE
122 1.4467e-05 12288 8784 DEALLOCATE
121 1.3916e-05 12288 8712 DEALLOCATE
122 3.877e-06 12288 8784 ALLOCATE
123 3.717e-06 12288 8856 ALLOCATE
122 2.0549e-05 12288 8784 DEALLOCATE
123 3.857e-06 12288 8856 ALLOCATE
124 4.288e-06 12288 8928 ALLOCATE
125 1.2734e-05 12288 9000 ALLOCATE
124 1.4817e-05 12288 8928 DEALLOCATE
123 1.4587e-05 12288 8856 DEALLOCATE
124 4.728e-06 12288 8928 ALLOCATE
123 1.3916e-05 12288 8856 DEALLOCATE
124 3.667e-06 12288 8928 ALLOCATE
123 1.1091e-05 12288 8856 DEALLOCATE
122 1.605e-05 12288 8784 DEALLOCATE
123 2.976e-06 12288 8856 ALLOCATE
124 1.2404e-05 12288 8928 ALLOCATE
123 1.4146e-05 12288 8856 DEALLOCATE
124 3.106e-06 12288 8928 ALLOCATE
123 1.1352e-05 12288 8856 DEALLOCATE
122 1.1181e-05 12288 8784 DEALLOCATE
123 3.858e-06 12288 8856 ALLOCATE
124 4.379e-06 12288 8928 ALLOCATE
123 1.4246e-05 12288 8856 DEALLOCATE
122 1.1391e-05 12288 8784 DEALLOCATE
123 3.837e-06 12288 8856 ALLOCATE
122 1.7262e-05 12288 8784 DEALLOCATE
121 1.4227e-05 12288 8712 DEALLOCATE
120 1.4026e-05 12288 8640 DEALLOCATE
119 1.2804e-05 12288 8568 DEALLOCATE
120 3.196e-06 12288 8640 ALLOCATE
121 1.606e-05 12288 8712 ALLOCATE
120 1.4998e-05 12288 8640 DEALLOCATE
121 3.706e-06 12288 8712 ALLOCATE
122 5.53e-06 12288 8784 ALLOCATE
123 3.967e-06 12288 8856 ALLOCATE
124 4.037e-06 12288 8928 ALLOCATE
123 1.2985e-05 12288 8856 DEALLOCATE
124 1.6581e-05 12288 8928 ALLOCATE
125 3.416e-06 12288 9000 ALLOCATE
126 1.2523e-05 12288 9072 ALLOCATE
125 1.1491e-05 12288 9000 DEALLOCATE
126 3.066e-06 12288 9072 ALLOCATE
127 2.9705e-05 12288 9144 ALLOCATE
128 1.6611e-05 12288 9216 ALLOCATE
127 1.1642e-05 12288 9144 DEALLOCATE
128 4.067e-06 12288 9216 ALLOCATE
129 1.2703e-05 12288 9288 ALLOCATE
128 1.4907e-05 12288 9216 DEALLOCATE
129 3.987e-06 12288 9288 ALLOCATE
128 1.1792e-05 12288 9216 DEALLOCATE
127 1.1542e-05 12288 9144 DEALLOCATE
126 1.2333e-05 12288 9072 DEALLOCATE
125 1.4477e-05 12288 9000 DEALLOCATE
124 1.4307e-05 12288 8928 DEALLOCATE
125 3.977e-06 12288 9000 ALLOCATE
126 3.617e-06 12288 9072 ALLOCATE
125 1.3987e-05 12288 9000 DEALLOCATE
124 1.625e-05 12288 8928 DEALLOCATE
125 4.448e-06 12288 9000 ALLOCATE
126 1.7763e-05 12288 9072 ALLOCATE
125 1.4006e-05 12288 9000 DEALLOCATE
124 1.1782e-05 12288 8928 DEALLOCATE
125 3.356e-06 12288 9000 ALLOCATE
126 3.556e-06 12288 9072 ALLOCATE
125 1.7172e-05 12288 9000 DEALLOCATE
124 1.4597e-05 12288 8928 DEALLOCATE
123 1.4497e-05 12288 8856 DEALLOCATE
122 1.3315e-05 12288 8784 DEALLOCATE
123 4.038e-06 12288 8856 ALLOCATE
122 1.4527e-05 12288 8784 DEALLOCATE
123 3.687e-06 12288 8856 ALLOCATE
124 3.727e-06 12288 8928 ALLOCATE
125 3.737e-06 12288 9000 ALLOCATE
124 1.4648e-05 12288 8928 DEALLOCATE
125 3.727e-06 12288 9000 ALLOCATE
126 1.2914e-05 12288 9072 ALLOCATE
125 1.4617e-05 12288 9000 DEALLOCATE
126 3.787e-06 12288 9072 ALLOCATE
127 3.847e-06 12288 9144 ALLOCATE
128 4.218e-06 12288 9216 ALLOCATE
127 1.1822e-05 12288 9144 DEALLOCATE
126 1.4867e-05 12288 9072 DEALLOCATE
125 1.4647e-05 12288 9000 DEALLOCATE
124 1.4497e-05 12288 8928 DEALLOCATE
125 3.146e-06 12288 9000 ALLOCATE
126 4.067e-06 12288 9072 ALLOCATE
127 3.867e-06 12288 9144 ALLOCATE
128 4.168e-06 12288 9216 ALLOCATE
129 3.687e-06 12288 9288 ALLOCATE
128 2.1179e-05 12288 9216 DEALLOCATE
127 1.6691e-05 12288 9144 DEALLOCATE
128 1.602e-05 12288 9216 ALLOCATE
129 3.537e-06 12288 9288 ALLOCATE
130 1.5989e-05 12288 9360 ALLOCATE
129 1.4908e-05 12288 9288 DEALLOCATE
128 1.4728e-05 12288 9216 DEALLOCATE
127 1.1711e-05 12288 9144 DEALLOCATE
128 3.035e-06 12288 9216 ALLOCATE
129 4.068e-06 12288 9288 ALLOCATE
130 4.008e-06 12288 9360 ALLOCATE
129 1.5168e-05 12288 9288 DEALLOCATE
128 1.3775e-05 12288 9216 DEALLOCATE
127 1.2293e-05 12288 9144 DEALLOCATE
128 3.847e-06 12288 9216 ALLOCATE
127 1.4377e-05 12288 9144 DEALLOCATE
126 1.1792e-05 12288 9072 DEALLOCATE
127 3.737e-06 12288 9144 ALLOCATE
126 1.3906e-05 12288 9072 DEALLOCATE
125 1.4767e-05 12288 9000 DEALLOCATE
126 3.517e-06 12288 9072 ALLOCATE
127 4.549e-06 12288 9144 ALLOCATE
126 1.4276e-05 12288 9072 DEALLOCATE
125 1.628e-05 12288 9000 DEALLOCATE
124 1.4277e-05 12288 8928 DEALLOCATE
125 4.067e-06 12288 9000 ALLOCATE
126 1.7071e-05 12288 9072 ALLOCATE
125 1.4327e-05 12288 9000 DEALLOCATE
126 3.667e-06 12288 9072 ALLOCATE
127 3.787e-06 12288 9144 ALLOCATE
128 1.5489e-05 12288 9216 ALLOCATE
127 1.4557e-05 12288 9144 DEALLOCATE
128 3.787e-06 12288 9216 ALLOCATE
127 1.4477e-05 12288 9144 DEALLOCATE
128 3.717e-06 12288 9216 ALLOCATE
127 1.4617e-05 12288 9144 DEALLOCATE
128 3.947e-06 12288 9216 ALLOCATE
129 4.218e-06 12288 9288 ALLOCATE
128 1.4577e-05 12288 9216 DEALLOCATE
127 1.1792e-05 12288 9144 DEALLOCATE
126 1.6241e-05 12288 9072 DEALLOCATE
125 1.7353e-05 12288 9000 DEALLOCATE
124 1.2453e-05 12288 8928 DEALLOCATE
123 1.5619e-05 12288 8856 DEALLOCATE
122 1.1121e-05 12288 8784 DEALLOCATE
121 1.6892e-05 12288 8712 DEALLOCATE
122 4.819e-06 12288 8784 ALLOCATE
123 3.066e-06 12288 8856 ALLOCATE
122 1.6741e-05 12288 8784 DEALLOCATE
121 1.4407e-05 12288 8712 DEALLOCATE
120 1.4166e-05 12288 8640 DEALLOCATE
121 1.6591e-05 12288 8712 ALLOCATE
120 1.3185e-05 12288 8640 DEALLOCATE
119 1.5589e-05 12288 8568 DEALLOCATE
120 1.3084e-05 12288 8640 ALLOCATE
121 1.2543e-05 12288 8712 ALLOCATE
120 1.4958e-05 12288 8640 DEALLOCATE
121 1.2834e-05 12288 8712 ALLOCATE
122 1.599e-05 12288 8784 ALLOCATE
121 1.1681e-05 12288 8712 DEALLOCATE
120 1.6541e-05 12288 8640 DEALLOCATE
121 3.897e-06 12288 8712 ALLOCATE
120 1.8124e-05 12288 8640 DEALLOCATE
121 3.837e-06 12288 8712 ALLOCATE
122 1.5499e-05 12288 8784 ALLOCATE
123 3.897e-06 12288 8856 ALLOCATE
124 1.6651e-05 12288 8928 ALLOCATE
123 1.4036e-05 12288 8856 DEALLOCATE
124 3.777e-06 12288 8928 ALLOCATE
123 1.9807e-05 12288 8856 DEALLOCATE
122 1.3936e-05 12288 8784 DEALLOCATE
123 3.486e-06 12288 8856 ALLOCATE
122 1.1662e-05 12288 8784 DEALLOCATE
123 3.857e-06 12288 8856 ALLOCATE
124 3.807e-06 12288 8928 ALLOCATE
125 3.907e-06 12288 9000 ALLOCATE
126 1.5569e-05 12288 9072 ALLOCATE
125 1.4447e-05 12288 9000 DEALLOCATE
124 1.4366e-05 12288 8928 DEALLOCATE
125 3.646e-06 12288 9000 ALLOCATE
126 3.878e-06 12288 9072 ALLOCATE
125 1.4658e-05 12288 9000 DEALLOCATE
124 1.4457e-05 12288 8928 DEALLOCATE
125 3.857e-06 12288 9000 ALLOCATE
126 4.118e-06 12288 9072 ALLOCATE
125 1.5429e-05 12288 9000 DEALLOCATE
126 4.057e-06 12288 9072 ALLOCATE
127 4.088e-06 12288 9144 ALLOCATE
128 3.987e-06 12288 9216 ALLOCATE
129 1.9486e-05 12288 9288 ALLOCATE
128 1.4808e-05 12288 9216 DEALLOCATE
127 1.4186e-05 12288 9144 DEALLOCATE
126 1.3735e-05 12288 9072 DEALLOCATE
125 1.4687e-05 12288 9000 DEALLOCATE
124 1.2834e-05 12288 8928 DEALLOCATE
125 3.226e-06 12288 9000 ALLOCATE
124 1.644e-05 12288 8928 DEALLOCATE
125 3.096e-06 12288 9000 ALLOCATE
124 2.0789e-05 12288 8928 DEALLOCATE
125 1.4036e-05 12288 9000 ALLOCATE
126 1.7182e-05 12288 9072 ALLOCATE
125 1.4657e-05 12288 9000 DEALLOCATE
126 3.717e-06 12288 9072 ALLOCATE
127 3.6418e-05 12288 9144 ALLOCATE
126 1.3275e-05 12288 9072 DEALLOCATE
127 3.056e-06 12288 9144 ALLOCATE
128 1.6481e-05 12288 9216 ALLOCATE
127 1.1692e-05 12288 9144 DEALLOCATE
126 1.6551e-05 12288 9072 DEALLOCATE
127 4.749e-06 12288 9144 ALLOCATE
126 1.7623e-05 12288 9072 DEALLOCATE
127 1.7823e-05 12288 9144 ALLOCATE
128 1.5519e-05 12288 9216 ALLOCATE
129 3.867e-06 12288 9288 ALLOCATE
130 3.907e-06 12288 9360 ALLOCATE
129 1.4256e-05 12288 9288 DEALLOCATE
130 3.637e-06 12288 9360 ALLOCATE
131 1.5479e-05 12288 9432 ALLOCATE
130 1.1722e-05 12288 9360 DEALLOCATE
131 4.769e-06 12288 9432 ALLOCATE
130 1.1722e-05 12288 9360 DEALLOCATE
129 1.2283e-05 12288 9288 DEALLOCATE
128 1.4587e-05 12288 9216 DEALLOCATE
129 3.707e-06 12288 9288 ALLOCATE
128 1.4317e-05 12288 9216 DEALLOCATE
127 1.3806e-05 12288 9144 DEALLOCATE
126 1.3806e-05 12288 9072 DEALLOCATE
127 3.566e-06 12288 9144 ALLOCATE
128 4.318e-06 12288 9216 ALLOCATE
129 3.297e-06 12288 9288 ALLOCATE
128 1.4768e-05 12288 9216 DEALLOCATE
129 3.827e-06 12288 9288 ALLOCATE
128 1.6531e-05 12288 9216 DEALLOCATE
129 4.168e-06 12288 9288 ALLOCATE
130 1.3655e-05 12288 9360 ALLOCATE
129 1.2643e-05 12288 9288 DEALLOCATE
130 3.427e-06 12288 9360 ALLOCATE
129 1.2483e-05 12288 9288 DEALLOCATE
128 1.1512e-05 12288 9216 DEALLOCATE
129 3.175e-06 12288 9288 ALLOCATE
128 1.7823e-05 12288 9216 DEALLOCATE
129 5.54e-06 12288 9288 ALLOCATE
130 3.597e-06 12288 9360 ALLOCATE
129 1.9707e-05 12288 9288 DEALLOCATE
130 3.777e-06 12288 9360 ALLOCATE
129 1.8204e-05 12288 9288 DEALLOCATE
130 3.206e-06 12288 9360 ALLOCATE
131 3.918e-06 12288 9432 ALLOCATE
132 1.8274e-05 12288 9504 ALLOCATE
133 1.2593e-05 12288 9576 ALLOCATE
132 1.2173e-05 12288 9504 DEALLOCATE
133 3.186e-06 12288 9576 ALLOCATE
132 1.7943e-05 12288 9504 DEALLOCATE
133 4.418e-06 12288 9576 ALLOCATE
134 1.5759e-05 12288 9648 ALLOCATE
133 1.5038e-05 12288 9576 DEALLOCATE
134 3.747e-06 12288 9648 ALLOCATE
133 1.1762e-05 12288 9576 DEALLOCATE
134 4.218e-06 12288 9648 ALLOCATE
133 1.4407e-05 12288 9576 DEALLOCATE
134 3.236e-06 12288 9648 ALLOCATE
133 1.119e-05 12288 9576 DEALLOCATE
132 1.1652e-05 12288 9504 DEALLOCATE
133 3.967e-06 12288 9576 ALLOCATE
132 1.5188e-05 12288 9504 DEALLOCATE
131 1.4457e-05 12288 9432 DEALLOCATE
130 1.587e-05 12288 9360 DEALLOCATE
131 1.4638e-05 12288 9432 ALLOCATE
130 1.1832e-05 12288 9360 DEALLOCATE
131 3.687e-06 12288 9432 ALLOCATE
130 2.119e-05 12288 9360 DEALLOCATE
129 1.1491e-05 12288 9288 DEALLOCATE
130 3.617e-06 12288 9360 ALLOCATE
131 4.177e-06 12288 9432 ALLOCATE
132 3.406e-06 12288 9504 ALLOCATE
133 4.298e-06 12288 9576 ALLOCATE
134 3.476e-06 12288 9648 ALLOCATE
135 1.2673e-05 12288 9720 ALLOCATE
134 1.1501e-05 12288 9648 DEALLOCATE
135 3.005e-06 12288 9720 ALLOCATE
134 1.5058e-05 12288 9648 DEALLOCATE
135 3.848e-06 12288 9720 ALLOCATE
134 1.4828e-05 12288 9648 DEALLOCATE
135 3.797e-06 12288 9720 ALLOCATE
136 2.4475e-05 12288 9792 ALLOCATE
135 1.3955e-05 12288 9720 DEALLOCATE
136 3.076e-06 12288 9792 ALLOCATE
135 1.4677e-05 12288 9720 DEALLOCATE
134 1.11e-05 12288 9648 DEALLOCATE
133 1.4267e-05 12288 9576 DEALLOCATE
132 1.3084e-05 12288 9504 DEALLOCATE
133 2.886e-06 12288 9576 ALLOCATE
134 1.8013e-05 12288 9648 ALLOCATE
135 4.068e-06 12288 9720 ALLOCATE
136 4.719e-06 12288 9792 ALLOCATE
135 1.7994e-05 12288 9720 DEALLOCATE
136 4.358e-06 12288 9792 ALLOCATE
137 2.0198e-05 12288 9864 ALLOCATE
138 1.3495e-05 12288 9936 ALLOCATE
139 1.3816e-05 12288 10008 ALLOCATE
138 1.3425e-05 12288 9936 DEALLOCATE
137 1.2353e-05 12288 9864 DEALLOCATE
136 1.6611e-05 12288 9792 DEALLOCATE
135 4.2179e-05 12288 9720 DEALLOCATE
136 1.3885e-05 12288 9792 ALLOCATE
135 1.2013e-05 12288 9720 DEALLOCATE
134 1.3135e-05 12288 9648 DEALLOCATE
135 3.537e-06 12288 9720 ALLOCATE
134 2.0358e-05 12288 9648 DEALLOCATE
135 1.3825e-05 12288 9720 ALLOCATE
136 3.066e-06 12288 9792 ALLOCATE
137 4.909e-06 12288 9864 ALLOCATE
138 1.9847e-05 12288 9936 ALLOCATE
139 3.967e-06 12288 10008 ALLOCATE
140 2.0267e-05 12288 10080 ALLOCATE
139 1.2093e-05 12288 10008 DEALLOCATE
140 3.055e-06 12288 10080 ALLOCATE
141 2.1109e-05 12288 10152 ALLOCATE
140 1.3014e-05 12288 10080 DEALLOCATE
141 3.266e-06 12288 10152 ALLOCATE
140 1.3034e-05 12288 10080 DEALLOCATE
141 3.316e-06 12288 10152 ALLOCATE
140 1.3205e-05 12288 10080 DEALLOCATE
141 3.296e-06 12288 10152 ALLOCATE
142 1.4607e-05 12288 10224 ALLOCATE
141 1.3355e-05 12288 10152 DEALLOCATE
142 3.236e-06 12288 10224 ALLOCATE
141 1.3555e-05 12288 10152 DEALLOCATE
140 1.3765e-05 12288 10080 DEALLOCATE
139 1.5238e-05 12288 10008 DEALLOCATE
140 1.9847e-05 12288 10080 ALLOCATE
139 1.5158e-05 12288 10008 DEALLOCATE
140 4.378e-06 12288 10080 ALLOCATE
139 1.9556e-05 12288 10008 DEALLOCATE
140 3.317e-06 12288 10080 ALLOCATE
141 1.5299e-05 12288 10152 ALLOCATE
140 1.3415e-05 12288 10080 DEALLOCATE
141 3.145e-06 12288 10152 ALLOCATE
142 3.547e-06 12288 10224 ALLOCATE
143 1.8024e-05 12288 10296 ALLOCATE
144 2.3163e-05 12288 10368 ALLOCATE
145 1.6661e-05 12288 10440 ALLOCATE
146 1.6381e-05 12288 10512 ALLOCATE
147 1.7873e-05 12288 10584 ALLOCATE
146 1.6541e-05 12288 10512 DEALLOCATE
145 1.7212e-05 12288 10440 DEALLOCATE
146 2.2381e-05 12288 10512 ALLOCATE
145 2.134e-05 12288 10440 DEALLOCATE
144 1.7853e-05 12288 10368 DEALLOCATE
143 1.6231e-05 12288 10296 DEALLOCATE
144 5.23e-06 12288 10368 ALLOCATE
145 4.028e-06 12288 10440 ALLOCATE
144 2.1741e-05 12288 10368 DEALLOCATE
145 4.428e-06 12288 10440 ALLOCATE
144 2.1911e-05 12288 10368 DEALLOCATE
145 3.356e-06 12288 10440 ALLOCATE
144 1.5829e-05 12288 10368 DEALLOCATE
143 1.5368e-05 12288 10296 DEALLOCATE
144 3.346e-06 12288 10368 ALLOCATE
143 2.4877e-05 12288 10296 DEALLOCATE
144 3.827e-06 12288 10368 ALLOCATE
143 2.5457e-05 12288 10296 DEALLOCATE
144 1.6901e-05 12288 10368 ALLOCATE
145 3.487e-06 12288 10440 ALLOCATE
144 2.3764e-05 12288 10368 DEALLOCATE
143 2.0207e-05 12288 10296 DEALLOCATE
144 3.657e-06 12288 10368 ALLOCATE
143 1.6491e-05 12288 10296 DEALLOCATE
144 1.9606e-05 12288 10368 ALLOCATE
143 2.156e-05 12288 10296 DEALLOCATE
142 2.2091e-05 12288 10224 DEALLOCATE
143 4.318e-06 12288 10296 ALLOCATE
144 5.68e-06 12288 10368 ALLOCATE
145 2.9846e-05 12288 10440 ALLOCATE
144 2.0709e-05 12288 10368 DEALLOCATE
145 2.0117e-05 12288 10440 ALLOCATE
144 1.6281e-05 12288 10368 DEALLOCATE
145 3.416e-06 12288 10440 ALLOCATE
146 1.7583e-05 12288 10512 ALLOCATE
145 1.5789e-05 12288 10440 DEALLOCATE
144 2.3153e-05 12288 10368 DEALLOCATE
145 1.8194e-05 12288 10440 ALLOCATE
144 1.587e-05 12288 10368 DEALLOCATE
143 1.596e-05 12288 10296 DEALLOCATE
144 5.69e-06 12288 10368 ALLOCATE
145 3.877e-06 12288 10440 ALLOCATE
146 3.497e-06 12288 10512 ALLOCATE
147 5.851e-06 12288 10584 ALLOCATE
148 3.0967e-05 12288 10656 ALLOCATE
147 1.7292e-05 12288 10584 DEALLOCATE
148 3.827e-06 12288 10656 ALLOCATE
147 1.7182e-05 12288 10584 DEALLOCATE
146 1.7182e-05 12288 10512 DEALLOCATE
147 3.587e-06 12288 10584 ALLOCATE
148 4.909e-06 12288 10656 ALLOCATE
149 3.3613e-05 12288 10728 ALLOCATE
148 1.7122e-05 12288 10656 DEALLOCATE
149 3.716e-06 12288 10728 ALLOCATE
150 2.9805e-05 12288 10800 ALLOCATE
149 1.6301e-05 12288 10728 DEALLOCATE
148 1.5759e-05 12288 10656 DEALLOCATE
149 3.867e-06 12288 10728 ALLOCATE
150 3.867e-06 12288 10800 ALLOCATE
151 2.7441e-05 12288 10872 ALLOCATE
150 1.622e-05 12288 10800 DEALLOCATE
151 3.276e-06 12288 10872 ALLOCATE
152 2.5608e-05 12288 10944 ALLOCATE
151 1.596e-05 12288 10872 DEALLOCATE
150 1.7272e-05 12288 10800 DEALLOCATE
151 3.447e-06 12288 10872 ALLOCATE
150 2.9204e-05 12288 10800 DEALLOCATE
151 3.356e-06 12288 10872 ALLOCATE
152 4.198e-06 12288 10944 ALLOCATE
151 2.3333e-05 12288 10872 DEALLOCATE
150 1.7212e-05 12288 10800 DEALLOCATE
149 1.6851e-05 12288 10728 DEALLOCATE
148 1.6862e-05 12288 10656 DEALLOCATE
149 3.226e-06 12288 10728 ALLOCATE
148 2.2081e-05 12288 10656 DEALLOCATE
149 3.907e-06 12288 10728 ALLOCATE
148 1.6711e-05 12288 10656 DEALLOCATE
149 3.226e-06 12288 10728 ALLOCATE
150 3.677e-06 12288 10800 ALLOCATE
151 1.1801e-05 12288 10872 ALLOCATE
152 3.457e-06 12288 10944 ALLOCATE
151 1.7162e-05 12288 10872 DEALLOCATE
150 1.6541e-05 12288 10800 DEALLOCATE
149 1.8865e-05 12288 10728 DEALLOCATE
150 7.053e-06 12288 10800 ALLOCATE
151 2.3935e-05 12288 10872 ALLOCATE
150 2.2172e-05 12288 10800 DEALLOCATE
151 3.286e-06 12288 10872 ALLOCATE
152 4.198e-06 12288 10944 ALLOCATE
151 2.2772e-05 12288 10872 DEALLOCATE
152 3.386e-06 12288 10944 ALLOCATE
153 2.3514e-05 12288 11016 ALLOCATE
152 2.0028e-05 12288 10944 DEALLOCATE
151 1.5909e-05 12288 10872 DEALLOCATE
150 1.608e-05 12288 10800 DEALLOCATE
151 4.018e-06 12288 10872 ALLOCATE
150 2.3514e-05 12288 10800 DEALLOCATE
151 4.408e-06 12288 10872 ALLOCATE
152 3.687e-06 12288 10944 ALLOCATE
153 5.43e-06 12288 11016 ALLOCATE
152 2.0718e-05 12288 10944 DEALLOCATE
151 1.7633e-05 12288 10872 DEALLOCATE
152 3.797e-06 12288 10944 ALLOCATE
151 3.0527e-05 12288 10872 DEALLOCATE
152 1.7382e-05 12288 10944 ALLOCATE
151 1.9937e-05 12288 10872 DEALLOCATE
152 4.067e-06 12288 10944 ALLOCATE
153 5.2e-06 12288 11016 ALLOCATE
154 2.5678e-05 12288 11088 ALLOCATE
153 2.0277e-05 12288 11016 DEALLOCATE
154 3.958e-06 12288 11088 ALLOCATE
155 1.8494e-05 12288 11160 ALLOCATE
154 1.7383e-05 12288 11088 DEALLOCATE
155 5.701e-06 12288 11160 ALLOCATE
154 1.6691e-05 12288 11088 DEALLOCATE
155 3.757e-06 12288 11160 ALLOCATE
154 1.7553e-05 12288 11088 DEALLOCATE
153 2.175e-05 12288 11016 DEALLOCATE
152 2.2492e-05 12288 10944 DEALLOCATE
153 3.907e-06 12288 11016 ALLOCATE
152 2.8263e-05 12288 10944 DEALLOCATE
151 1.8034e-05 12288 10872 DEALLOCATE
150 2.3163e-05 12288 10800 DEALLOCATE
149 2.2332e-05 12288 10728 DEALLOCATE
150 6.562e-06 12288 10800 ALLOCATE
149 2.0839e-05 12288 10728 DEALLOCATE
148 2.7632e-05 12288 10656 DEALLOCATE
147 2.1861e-05 12288 10584 DEALLOCATE
146 2.0257e-05 12288 10512 DEALLOCATE
145 1.604e-05 12288 10440 DEALLOCATE
146 6.532e-06 12288 10512 ALLOCATE
147 5.56e-06 12288 10584 ALLOCATE
146 2.2482e-05 12288 10512 DEALLOCATE
145 2.151e-05 12288 10440 DEALLOCATE
146 3.807e-06 12288 10512 ALLOCATE
145 0.000145 12288 10440 DEALLOCATE
144 1.8815e-05 12288 10368 DEALLOCATE
145 1.9035e-05 12288 10440 ALLOCATE
146 5.48e-06 12288 10512 ALLOCATE
145 2.2471e-05 12288 10440 DEALLOCATE
146 3.917e-06 12288 10512 ALLOCATE
145 2.2913e-05 12288 10440 DEALLOCATE
146 1.8154e-05 12288 10512 ALLOCATE
145 1.7072e-05 12288 10440 DEALLOCATE
144 1.9917e-05 12288 10368 DEALLOCATE
143 1.8494e-05 12288 10296 DEALLOCATE
142 2.7611e-05 12288 10224 DEALLOCATE
143 5.009e-06 12288 10296 ALLOCATE
142 2.2632e-05 12288 10224 DEALLOCATE
143 5.591e-06 12288 10296 ALLOCATE
144 4.439e-06 12288 10368 ALLOCATE
145 2.7351e-05 12288 10440 ALLOCATE
146 1.8294e-05 12288 10512 ALLOCATE
145 2.4175e-05 12288 10440 DEALLOCATE
146 4.278e-06 12288 10512 ALLOCATE
147 1.8455e-05 12288 10584 ALLOCATE
146 1.6932e-05 12288 10512 DEALLOCATE
147 5.47e-06 12288 10584 ALLOCATE
146 2.0949e-05 12288 10512 DEALLOCATE
147 4.028e-06 12288 10584 ALLOCATE
146 2.5627e-05 12288 10512 DEALLOCATE
145 1.619e-05 12288 10440 DEALLOCATE
144 1.591e-05 12288 10368 DEALLOCATE
145 3.216e-06 12288 10440 ALLOCATE
144 2.5017e-05 12288 10368 DEALLOCATE
143 4.9452e-05 12288 10296 DEALLOCATE
144 4.628e-06 12288 10368 ALLOCATE
143 2.3674e-05 12288 10296 DEALLOCATE
142 2.3764e-05 12288 10224 DEALLOCATE
141 1.5289e-05 12288 10152 DEALLOCATE
140 1.591e-05 12288 10080 DEALLOCATE
139 1.9737e-05 12288 10008 DEALLOCATE
138 1.3835e-05 12288 9936 DEALLOCATE
139 5.981e-06 12288 10008 ALLOCATE
140 2.3313e-05 12288 10080 ALLOCATE
141 3.517e-06 12288 10152 ALLOCATE
140 1.4217e-05 12288 10080 DEALLOCATE
141 3.416e-06 12288 10152 ALLOCATE
140 1.5749e-05 12288 10080 DEALLOCATE
141 3.617e-06 12288 10152 ALLOCATE
140 1.5709e-05 12288 10080 DEALLOCATE
141 1.4437e-05 12288 10152 ALLOCATE
140 2.0798e-05 12288 10080 DEALLOCATE
141 3.877e-06 12288 10152 ALLOCATE
142 1.4677e-05 12288 10224 ALLOCATE
143 1.4948e-05 12288 10296 ALLOCATE
142 1.3525e-05 12288 10224 DEALLOCATE
143 3.126e-06 12288 10296 ALLOCATE
144 1.5889e-05 12288 10368 ALLOCATE
143 1.4868e-05 12288 10296 DEALLOCATE
144 3.376e-06 12288 10368 ALLOCATE
143 1.4467e-05 12288 10296 DEALLOCATE
142 1.4618e-05 12288 10224 DEALLOCATE
141 1.3686e-05 12288 10152 DEALLOCATE
140 1.3966e-05 12288 10080 DEALLOCATE
141 3.787e-06 12288 10152 ALLOCATE
140 1.63e-05 12288 10080 DEALLOCATE
139 1.4396e-05 12288 10008 DEALLOCATE
138 1.6029e-05 12288 9936 DEALLOCATE
137 1.3405e-05 12288 9864 DEALLOCATE
136 1.4637e-05 12288 9792 DEALLOCATE
135 1.2683e-05 12288 9720 DEALLOCATE
134 1.3114e-05 12288 9648 DEALLOCATE
133 1.3205e-05 12288 9576 DEALLOCATE
134 3.166e-06 12288 9648 ALLOCATE
133 1.4106e-05 12288 9576 DEALLOCATE
134 1.5199e-05 12288 9648 ALLOCATE
135 3.527e-06 12288 9720 ALLOCATE
134 2.0187e-05 12288 9648 DEALLOCATE
135 1.5989e-05 12288 9720 ALLOCATE
134 1.4828e-05 12288 9648 DEALLOCATE
133 1.4807e-05 12288 9576 DEALLOCATE
134 1.4667e-05 12288 9648 ALLOCATE
133 1.4217e-05 12288 9576 DEALLOCATE
132 1.2674e-05 12288 9504 DEALLOCATE
131 1.2504e-05 12288 9432 DEALLOCATE
132 4.879e-06 12288 9504 ALLOCATE
133 3.266e-06 12288 9576 ALLOCATE
134 3.907e-06 12288 9648 ALLOCATE
133 2.4065e-05 12288 9576 DEALLOCATE
132 1.4377e-05 12288 9504 DEALLOCATE
131 1.5509e-05 12288 9432 DEALLOCATE
132 4.559e-06 12288 9504 ALLOCATE
133 2.0298e-05 12288 9576 ALLOCATE
134 5.571e-06 12288 9648 ALLOCATE
135 5.541e-06 12288 9720 ALLOCATE
134 1.8565e-05 12288 9648 DEALLOCATE
135 3.366e-06 12288 9720 ALLOCATE
134 1.9647e-05 12288 9648 DEALLOCATE
133 1.1772e-05 12288 9576 DEALLOCATE
132 1.1883e-05 12288 9504 DEALLOCATE
133 3.737e-06 12288 9576 ALLOCATE
134 3.397e-06 12288 9648 ALLOCATE
135 5.871e-06 12288 9720 ALLOCATE
134 1.8134e-05 12288 9648 DEALLOCATE
133 1.3195e-05 12288 9576 DEALLOCATE
132 1.7793e-05 12288 9504 DEALLOCATE
131 1.5118e-05 12288 9432 DEALLOCATE
130 1.568e-05 12288 9360 DEALLOCATE
129 1.1021e-05 12288 9288 DEALLOCATE
130 4.709e-06 12288 9360 ALLOCATE
129 1.9286e-05 12288 9288 DEALLOCATE
128 1.5448e-05 12288 9216 DEALLOCATE
127 1.4998e-05 12288 9144 DEALLOCATE
128 3.717e-06 12288 9216 ALLOCATE
127 1.4297e-05 12288 9144 DEALLOCATE
128 3.366e-06 12288 9216 ALLOCATE
127 1.615e-05 12288 9144 DEALLOCATE
126 1.6481e-05 12288 9072 DEALLOCATE
125 1.3275e-05 12288 9000 DEALLOCATE
124 1.2774e-05 12288 8928 DEALLOCATE
123 1.2634e-05 12288 8856 DEALLOCATE
122 1.624e-05 12288 8784 DEALLOCATE
121 1.3044e-05 12288 8712 DEALLOCATE
120 1.3315e-05 12288 8640 DEALLOCATE
119 1.6972e-05 12288 8568 DEALLOCATE
118 1.2313e-05 12288 8496 DEALLOCATE
117 2.9464e-05 12288 8424 DEALLOCATE
116 1.4698e-05 12288 8352 DEALLOCATE
115 1.1873e-05 12288 8280 DEALLOCATE
114 1.2804e-05 12288 8208 DEALLOCATE
113 1.1922e-05 12288 8136 DEALLOCATE
112 1.2483e-05 12288 8064 DEALLOCATE
111 1.6741e-05 12288 7992 DEALLOCATE
110 1.2473e-05 12288 7920 DEALLOCATE
109 1.1993e-05 12288 7848 DEALLOCATE
108 1.1692e-05 12288 7776 DEALLOCATE
107 1.1612e-05 12288 7704 DEALLOCATE
106 1.8334e-05 12288 7632 DEALLOCATE
105 1.5339e-05 12288 7560 DEALLOCATE
104 1.1952e-05 12288 7488 DEALLOCATE
103 1.3756e-05 12288 7416 DEALLOCATE
102 1.3445e-05 12288 7344 DEALLOCATE
101 1.1e-05 12288 7272 DEALLOCATE
100 1.0669e-05 12288 7200 DEALLOCATE
99 1.4246e-05 12288 7128 DEALLOCATE
98 1.601e-05 12288 7056 DEALLOCATE
97 1.6401e-05 12288 6984 DEALLOCATE
96 1.1632e-05 12288 6912 DEALLOCATE
95 1.4336e-05 12288 6840 DEALLOCATE
94 1.2964e-05 12288 6768 DEALLOCATE
93 1.067e-05 12288 6696 DEALLOCATE
92 1.0289e-05 12288 6624 DEALLOCATE
91 1.2763e-05 12288 6552 DEALLOCATE
90 1.0069e-05 12288 6480 DEALLOCATE
89 9.928e-06 12288 6408 DEALLOCATE
88 1.2503e-05 12288 6336 DEALLOCATE
87 1.091e-05 12288 6264 DEALLOCATE
86 1.1551e-05 12288 6192 DEALLOCATE
85 9.999e-06 12288 6120 DEALLOCATE
84 1.0831e-05 12288 6048 DEALLOCATE
83 1.7072e-05 12288 5976 DEALLOCATE
82 1.043e-05 12288 5904 DEALLOCATE
81 1.0309e-05 12288 5832 DEALLOCATE
80 1.2403e-05 12288 5760 DEALLOCATE
79 9.918e-06 12288 5688 DEALLOCATE
78 1.3876e-05 12288 5616 DEALLOCATE
77 1.03e-05 12288 5544 DEALLOCATE
76 9.618e-06 12288 5472 DEALLOCATE
75 9.567e-06 12288 5400 DEALLOCATE
74 9.528e-06 12288 5328 DEALLOCATE
73 1.066e-05 12288 5256 DEALLOCATE
72 9.167e-06 12288 5184 DEALLOCATE
71 7.384e-06 12288 5112 DEALLOCATE
70 9.177e-06 12288 5040 DEALLOCATE
69 8.977e-06 12288 4968 DEALLOCATE
68 1.2423e-05 12288 4896 DEALLOCATE
67 9.568e-06 12288 4824 DEALLOCATE
66 1.3495e-05 12288 4752 DEALLOCATE
65 1.1131e-05 12288 4680 DEALLOCATE
64 9.017e-06 12288 4608 DEALLOCATE
63 1.1952e-05 12288 4536 DEALLOCATE
62 7.154e-06 12288 4464 DEALLOCATE
61 6.862e-06 12288 4392 DEALLOCATE
60 6.983e-06 12288 4320 DEALLOCATE
59 6.752e-06 12288 4248 DEALLOCATE
58 6.682e-06 12288 4176 DEALLOCATE
57 6.682e-06 12288 4104 DEALLOCATE
56 8.616e-06 12288 4032 DEALLOCATE
55 5.631e-06 12288 3960 DEALLOCATE
54 7.464e-06 12288 3888 DEALLOCATE
53 7.985e-06 12288 3816 DEALLOCATE
52 8.616e-06 12288 3744 DEALLOCATE
51 7.044e-06 12288 3672 DEALLOCATE
50 3.0337e-05 12288 3600 DEALLOCATE
49 5.28e-06 12288 3528 DEALLOCATE
48 6.452e-06 12288 3456 DEALLOCATE
47 4.91e-06 12288 3384 DEALLOCATE
46 7.053e-06 12288 3312 DEALLOCATE
45 4.849e-06 12288 3240 DEALLOCATE
44 6.422e-06 12288 3168 DEALLOCATE
43 7.043e-06 12288 3096 DEALLOCATE
42 5.47e-06 12288 3024 DEALLOCATE
41 4.989e-06 12288 2952 DEALLOCATE
40 6.021e-06 12288 2880 DEALLOCATE
39 5.059e-06 12288 2808 DEALLOCATE
38 4.819e-06 12288 2736 DEALLOCATE
37 7.784e-06 12288 2664 DEALLOCATE
36 5.911e-06 12288 2592 DEALLOCATE
35 5.861e-06 12288 2520 DEALLOCATE
34 6.592e-06 12288 2448 DEALLOCATE
33 6.102e-06 12288 2376 DEALLOCATE
32 7.114e-06 12288 2304 DEALLOCATE
31 5.46e-06 12288 2232 DEALLOCATE
30 5.771e-06 12288 2160 DEALLOCATE
29 5.991e-06 12288 2088 DEALLOCATE
28 5.26e-06 12288 2016 DEALLOCATE
27 5.19e-06 12288 1944 DEALLOCATE
26 4.598e-06 12288 1872 DEALLOCATE
25 5.41e-06 12288 1800 DEALLOCATE
24 5.43e-06 12288 1728 DEALLOCATE
23 6.261e-06 12288 1656 DEALLOCATE
22 5.089e-06 12288 1584 DEALLOCATE
21 5.27e-06 12288 1512 DEALLOCATE
20 4.9e-06 12288 1440 DEALLOCATE
19 5.11e-06 12288 1368 DEALLOCATE
18 7.253e-06 12288 1296 DEALLOCATE
17 4.338e-06 12288 1224 DEALLOCATE
16 6.332e-06 12288 1152 DEALLOCATE
15 4.478e-06 12288 1080 DEALLOCATE
14 5.961e-06 12288 1008 DEALLOCATE
13 3.757e-06 12288 936 DEALLOCATE
12 3.737e-06 12288 864 DEALLOCATE
11 4.759e-06 12288 792 DEALLOCATE
10 3.978e-06 12288 720 DEALLOCATE
9 3.937e-06 12288 648 DEALLOCATE
8 4.468e-06 12288 576 DEALLOCATE
7 3.707e-06 12288 504 DEALLOCATE
6 3.556e-06 12288 432 DEALLOCATE
5 3.827e-06 12288 360 DEALLOCATE
4 2.825e-06 12288 288 DEALLOCATE
3 2.575e-06 12288 216 DEALLOCATE
2 2.184e-06 12288 144 DEALLOCATE
1 2.585e-06 12288 72 DEALLOCATE
0 2.395e-06 12288 0 DEALLOCATE