objectsCount time allocatedMemory usedMemory commandType
1 8.2864e-05 4096 72 ALLOCATE
2 4.698e-06 4096 144 ALLOCATE
3 2.0519e-05 4096 216 ALLOCATE
4 5.139e-06 4096 288 ALLOCATE
5 2.1189e-05 4096 360 ALLOCATE
6 4.839e-06 4096 432 ALLOCATE
7 1.4276e-05 4096 504 ALLOCATE
8 1.0509e-05 4096 576 ALLOCATE
9 4.0566e-05 4096 648 ALLOCATE
10 6.281e-06 4096 720 ALLOCATE
11 1.3826e-05 4096 792 ALLOCATE
12 8.186e-06 4096 864 ALLOCATE
13 4.1427e-05 4096 936 ALLOCATE
14 9.758e-06 4096 1008 ALLOCATE
15 2.4386e-05 4096 1080 ALLOCATE
16 8.095e-06 4096 1152 ALLOCATE
17 3.4825e-05 4096 1224 ALLOCATE
18 5.66e-06 4096 1296 ALLOCATE
19 2.1139e-05 4096 1368 ALLOCATE
20 8.676e-06 4096 1440 ALLOCATE
21 3.9504e-05 4096 1512 ALLOCATE
22 7.844e-06 4096 1584 ALLOCATE
23 2.9886e-05 4096 1656 ALLOCATE
24 6.161e-06 4096 1728 ALLOCATE
25 3.1148e-05 4096 1800 ALLOCATE
26 5.179e-06 4096 1872 ALLOCATE
27 1.5438e-05 4096 1944 ALLOCATE
28 5.661e-06 4096 2016 ALLOCATE
29 2.4055e-05 4096 2088 ALLOCATE
30 6.943e-06 4096 2160 ALLOCATE
31 3.5456e-05 4096 2232 ALLOCATE
32 6.422e-06 4096 2304 ALLOCATE
33 8.8245e-05 8192 2376 ALLOCATE
34 6.372e-06 8192 2448 ALLOCATE
35 1.7803e-05 8192 2520 ALLOCATE
36 5.58e-06 8192 2592 ALLOCATE
37 3.1739e-05 8192 2664 ALLOCATE
38 5.971e-06 8192 2736 ALLOCATE
39 2.3674e-05 8192 2808 ALLOCATE
40 8.737e-06 8192 2880 ALLOCATE
41 4.2609e-05 8192 2952 ALLOCATE
42 6.482e-06 8192 3024 ALLOCATE
43 1.6541e-05 8192 3096 ALLOCATE
44 6.102e-06 8192 3168 ALLOCATE
45 2.8663e-05 8192 3240 ALLOCATE
46 5.08e-06 8192 3312 ALLOCATE
47 2.4545e-05 8192 3384 ALLOCATE
48 6.532e-06 8192 3456 ALLOCATE
49 4.4373e-05 8192 3528 ALLOCATE
50 5.731e-06 8192 3600 ALLOCATE
51 1.5209e-05 8192 3672 ALLOCATE
52 9.718e-06 8192 3744 ALLOCATE
53 3.3723e-05 8192 3816 ALLOCATE
54 6.061e-06 8192 3888 ALLOCATE
55 2.0609e-05 8192 3960 ALLOCATE
56 7.714e-06 8192 4032 ALLOCATE
57 5.2107e-05 8192 4104 ALLOCATE
58 7.694e-06 8192 4176 ALLOCATE
59 2.5597e-05 8192 4248 ALLOCATE
60 6.572e-06 8192 4320 ALLOCATE
61 2.4836e-05 8192 4392 ALLOCATE
62 6.191e-06 8192 4464 ALLOCATE
63 1.7243e-05 8192 4536 ALLOCATE
64 6.573e-06 8192 4608 ALLOCATE
65 7.1764e-05 12288 4680 ALLOCATE
66 6.121e-06 12288 4752 ALLOCATE
67 1.7944e-05 12288 4824 ALLOCATE
68 5.841e-06 12288 4896 ALLOCATE
69 3.3252e-05 12288 4968 ALLOCATE
70 7.033e-06 12288 5040 ALLOCATE
71 1.9727e-05 12288 5112 ALLOCATE
72 6.352e-06 12288 5184 ALLOCATE
73 4.1888e-05 12288 5256 ALLOCATE
74 8.726e-06 12288 5328 ALLOCATE
75 2.2672e-05 12288 5400 ALLOCATE
76 6.262e-06 12288 5472 ALLOCATE
77 3.3102e-05 12288 5544 ALLOCATE
78 8.976e-06 12288 5616 ALLOCATE
79 1.7382e-05 12288 5688 ALLOCATE
80 5.37e-06 12288 5760 ALLOCATE
81 4.2369e-05 12288 5832 ALLOCATE
82 5.731e-06 12288 5904 ALLOCATE
83 2.3634e-05 12288 5976 ALLOCATE
84 5.611e-06 12288 6048 ALLOCATE
85 2.4305e-05 12288 6120 ALLOCATE
86 6.081e-06 12288 6192 ALLOCATE
87 1.6971e-05 12288 6264 ALLOCATE
88 8.496e-06 12288 6336 ALLOCATE
89 3.1669e-05 12288 6408 ALLOCATE
90 5.861e-06 12288 6480 ALLOCATE
91 4.1828e-05 12288 6552 ALLOCATE
92 5.76e-06 12288 6624 ALLOCATE
93 2.6068e-05 12288 6696 ALLOCATE
94 6.993e-06 12288 6768 ALLOCATE
95 1.7663e-05 12288 6840 ALLOCATE
96 4.899e-06 12288 6912 ALLOCATE
97 6.0462e-05 16384 6984 ALLOCATE
98 4.989e-06 16384 7056 ALLOCATE
99 1.6009e-05 16384 7128 ALLOCATE
100 6.542e-06 16384 7200 ALLOCATE
99 5.4e-06 16384 7128 DEALLOCATE
98 1.1982e-05 16384 7056 DEALLOCATE
99 1.7372e-05 16384 7128 ALLOCATE
98 5.159e-06 16384 7056 DEALLOCATE
97 4.829e-06 16384 6984 DEALLOCATE
98 4.929e-06 16384 7056 ALLOCATE
97 7.824e-06 16384 6984 DEALLOCATE
98 5.33e-06 16384 7056 ALLOCATE
97 6.202e-06 16384 6984 DEALLOCATE
96 8.136e-06 16384 6912 DEALLOCATE
95 5.43e-06 16384 6840 DEALLOCATE
94 4.819e-06 16384 6768 DEALLOCATE
93 8.776e-06 16384 6696 DEALLOCATE
92 4.91e-06 16384 6624 DEALLOCATE
91 7.494e-06 16384 6552 DEALLOCATE
90 1.092e-05 16384 6480 DEALLOCATE
91 5.811e-06 16384 6552 ALLOCATE
92 7.434e-06 16384 6624 ALLOCATE
91 4.869e-06 16384 6552 DEALLOCATE
92 7.173e-06 16384 6624 ALLOCATE
91 4.668e-06 16384 6552 DEALLOCATE
90 9.187e-06 16384 6480 DEALLOCATE
89 4.879e-06 16384 6408 DEALLOCATE
88 1.0108e-05 16384 6336 DEALLOCATE
89 2.8303e-05 16384 6408 ALLOCATE
90 7.264e-06 16384 6480 ALLOCATE
89 4.769e-06 16384 6408 DEALLOCATE
90 5.41e-06 16384 6480 ALLOCATE
91 1.7112e-05 16384 6552 ALLOCATE
90 4.248e-06 16384 6480 DEALLOCATE
91 7.895e-06 16384 6552 ALLOCATE
92 6.211e-06 16384 6624 ALLOCATE
93 2.6299e-05 16384 6696 ALLOCATE
94 6.281e-06 16384 6768 ALLOCATE
95 1.626e-05 16384 6840 ALLOCATE
96 6.622e-06 16384 6912 ALLOCATE
95 6.081e-06 16384 6840 DEALLOCATE
96 5.1e-06 16384 6912 ALLOCATE
97 2.6479e-05 16384 6984 ALLOCATE
96 4.568e-06 16384 6912 DEALLOCATE
95 1.1622e-05 16384 6840 DEALLOCATE
96 8.486e-06 16384 6912 ALLOCATE
95 6.492e-06 16384 6840 DEALLOCATE
96 6.703e-06 16384 6912 ALLOCATE
97 8.656e-06 16384 6984 ALLOCATE
98 1.1882e-05 16384 7056 ALLOCATE
97 9.227e-06 16384 6984 DEALLOCATE
98 5.841e-06 16384 7056 ALLOCATE
99 1.7993e-05 16384 7128 ALLOCATE
100 8.606e-06 16384 7200 ALLOCATE
101 3.4374e-05 16384 7272 ALLOCATE
102 7.855e-06 16384 7344 ALLOCATE
101 6.372e-06 16384 7272 DEALLOCATE
100 1.066e-05 16384 7200 DEALLOCATE
101 6.312e-06 16384 7272 ALLOCATE
102 6.523e-06 16384 7344 ALLOCATE
101 4.639e-06 16384 7272 DEALLOCATE
102 9.958e-06 16384 7344 ALLOCATE
103 2.6048e-05 16384 7416 ALLOCATE
104 5.01e-06 16384 7488 ALLOCATE
103 6.181e-06 16384 7416 DEALLOCATE
104 6.663e-06 16384 7488 ALLOCATE
105 3.195e-05 16384 7560 ALLOCATE
104 6.412e-06 16384 7488 DEALLOCATE
103 5.721e-06 16384 7416 DEALLOCATE
102 4.809e-06 16384 7344 DEALLOCATE
101 7.804e-06 16384 7272 DEALLOCATE
100 4.719e-06 16384 7200 DEALLOCATE
99 1.045e-05 16384 7128 DEALLOCATE
98 6.622e-06 16384 7056 DEALLOCATE
97 1.1091e-05 16384 6984 DEALLOCATE
96 5.42e-06 16384 6912 DEALLOCATE
95 7.294e-06 16384 6840 DEALLOCATE
94 5.871e-06 16384 6768 DEALLOCATE
93 1.4727e-05 16384 6696 DEALLOCATE
92 5.6e-06 16384 6624 DEALLOCATE
93 6.713e-06 16384 6696 ALLOCATE
94 7.644e-06 16384 6768 ALLOCATE
95 6.251e-06 16384 6840 ALLOCATE
94 1.093e-05 16384 6768 DEALLOCATE
95 5.049e-06 16384 6840 ALLOCATE
94 6.543e-06 16384 6768 DEALLOCATE
95 5.44e-06 16384 6840 ALLOCATE
96 8.967e-06 16384 6912 ALLOCATE
95 7.854e-06 16384 6840 DEALLOCATE
96 5.54e-06 16384 6912 ALLOCATE
95 5.54e-06 16384 6840 DEALLOCATE
94 1.1201e-05 16384 6768 DEALLOCATE
93 4.288e-06 16384 6696 DEALLOCATE
94 6.752e-06 16384 6768 ALLOCATE
95 6.662e-06 16384 6840 ALLOCATE
96 7.645e-06 16384 6912 ALLOCATE
95 6.793e-06 16384 6840 DEALLOCATE
96 5.841e-06 16384 6912 ALLOCATE
95 4.498e-06 16384 6840 DEALLOCATE
94 5.19e-06 16384 6768 DEALLOCATE
95 5.69e-06 16384 6840 ALLOCATE
94 6.852e-06 16384 6768 DEALLOCATE
93 5.701e-06 16384 6696 DEALLOCATE
94 5.64e-06 16384 6768 ALLOCATE
93 6.011e-06 16384 6696 DEALLOCATE
92 4.809e-06 16384 6624 DEALLOCATE
93 6.572e-06 16384 6696 ALLOCATE
94 7.635e-06 16384 6768 ALLOCATE
93 5.991e-06 16384 6696 DEALLOCATE
94 6.472e-06 16384 6768 ALLOCATE
95 6.432e-06 16384 6840 ALLOCATE
94 5.61e-06 16384 6768 DEALLOCATE
93 7.754e-06 16384 6696 DEALLOCATE
92 5.39e-06 16384 6624 DEALLOCATE
93 5.801e-06 16384 6696 ALLOCATE
92 4.618e-06 16384 6624 DEALLOCATE
93 7.424e-06 16384 6696 ALLOCATE
92 6.372e-06 16384 6624 DEALLOCATE
93 8.726e-06 16384 6696 ALLOCATE
94 7.524e-06 16384 6768 ALLOCATE
93 7.274e-06 16384 6696 DEALLOCATE
94 8.455e-06 16384 6768 ALLOCATE
95 1.4877e-05 16384 6840 ALLOCATE
94 6.973e-06 16384 6768 DEALLOCATE
93 7.805e-06 16384 6696 DEALLOCATE
92 6.663e-06 16384 6624 DEALLOCATE
91 1.6521e-05 16384 6552 DEALLOCATE
92 8.306e-06 16384 6624 ALLOCATE
91 2.9605e-05 16384 6552 DEALLOCATE
92 7.414e-06 16384 6624 ALLOCATE
93 4.2119e-05 16384 6696 ALLOCATE
94 7.364e-06 16384 6768 ALLOCATE
93 1.3896e-05 16384 6696 DEALLOCATE
92 4.719e-06 16384 6624 DEALLOCATE
93 7.273e-06 16384 6696 ALLOCATE
94 2.4185e-05 16384 6768 ALLOCATE
93 6.583e-06 16384 6696 DEALLOCATE
92 1.0029e-05 16384 6624 DEALLOCATE
91 7.253e-06 16384 6552 DEALLOCATE
90 3.3112e-05 16384 6480 DEALLOCATE
91 8.045e-06 16384 6552 ALLOCATE
92 9.518e-06 16384 6624 ALLOCATE
91 7.183e-06 16384 6552 DEALLOCATE
92 7.554e-06 16384 6624 ALLOCATE
93 3.2971e-05 16384 6696 ALLOCATE
94 7.294e-06 16384 6768 ALLOCATE
93 1.0911e-05 16384 6696 DEALLOCATE
94 7.944e-06 16384 6768 ALLOCATE
93 4.849e-06 16384 6696 DEALLOCATE
94 1.4587e-05 16384 6768 ALLOCATE
95 3.234e-05 16384 6840 ALLOCATE
96 7.414e-06 16384 6912 ALLOCATE
97 3.8782e-05 16384 6984 ALLOCATE
96 9.087e-06 16384 6912 DEALLOCATE
97 7.133e-06 16384 6984 ALLOCATE
98 6.262e-06 16384 7056 ALLOCATE
97 1.4437e-05 16384 6984 DEALLOCATE
98 7.254e-06 16384 7056 ALLOCATE
99 2.4846e-05 16384 7128 ALLOCATE
98 6.272e-06 16384 7056 DEALLOCATE
97 5.972e-06 16384 6984 DEALLOCATE
98 6.262e-06 16384 7056 ALLOCATE
97 8.726e-06 16384 6984 DEALLOCATE
98 9.708e-06 16384 7056 ALLOCATE
99 7.173e-06 16384 7128 ALLOCATE
98 1.1271e-05 16384 7056 DEALLOCATE
99 6.883e-06 16384 7128 ALLOCATE
98 9.859e-06 16384 7056 DEALLOCATE
97 9.658e-06 16384 6984 DEALLOCATE
96 5.129e-06 16384 6912 DEALLOCATE
97 9.477e-06 16384 6984 ALLOCATE
96 4.778e-06 16384 6912 DEALLOCATE
97 7.084e-06 16384 6984 ALLOCATE
96 5.901e-06 16384 6912 DEALLOCATE
95 7.264e-06 16384 6840 DEALLOCATE
96 6.042e-06 16384 6912 ALLOCATE
97 7.545e-06 16384 6984 ALLOCATE
98 9.427e-06 16384 7056 ALLOCATE
97 6.091e-06 16384 6984 DEALLOCATE
98 6.302e-06 16384 7056 ALLOCATE
99 2.0888e-05 16384 7128 ALLOCATE
98 5.35e-06 16384 7056 DEALLOCATE
99 6.392e-06 16384 7128 ALLOCATE
100 9.318e-06 16384 7200 ALLOCATE
99 6.312e-06 16384 7128 DEALLOCATE
98 1.4277e-05 16384 7056 DEALLOCATE
99 2.3704e-05 16384 7128 ALLOCATE
100 5.991e-06 16384 7200 ALLOCATE
101 3.8121e-05 16384 7272 ALLOCATE
100 5.299e-06 16384 7200 DEALLOCATE
101 7.514e-06 16384 7272 ALLOCATE
100 8.827e-06 16384 7200 DEALLOCATE
99 5.691e-06 16384 7128 DEALLOCATE
98 1.0299e-05 16384 7056 DEALLOCATE
99 8.296e-06 16384 7128 ALLOCATE
98 9.308e-06 16384 7056 DEALLOCATE
99 9.308e-06 16384 7128 ALLOCATE
98 6.131e-06 16384 7056 DEALLOCATE
99 5.75e-06 16384 7128 ALLOCATE
98 5.911e-06 16384 7056 DEALLOCATE
99 6.502e-06 16384 7128 ALLOCATE
100 9.999e-06 16384 7200 ALLOCATE
99 4.839e-06 16384 7128 DEALLOCATE
100 1.085e-05 16384 7200 ALLOCATE
101 2.6209e-05 16384 7272 ALLOCATE
102 4.779e-06 16384 7344 ALLOCATE
101 5.931e-06 16384 7272 DEALLOCATE
100 7.875e-06 16384 7200 DEALLOCATE
101 2.2171e-05 16384 7272 ALLOCATE
100 5.34e-06 16384 7200 DEALLOCATE
101 4.538e-06 16384 7272 ALLOCATE
102 6.582e-06 16384 7344 ALLOCATE
101 4.588e-06 16384 7272 DEALLOCATE
102 5.73e-06 16384 7344 ALLOCATE
103 3.1428e-05 16384 7416 ALLOCATE
104 1.6741e-05 16384 7488 ALLOCATE
105 4.5534e-05 16384 7560 ALLOCATE
106 8.275e-06 16384 7632 ALLOCATE
105 7.394e-06 16384 7560 DEALLOCATE
106 8.306e-06 16384 7632 ALLOCATE
107 2.9174e-05 16384 7704 ALLOCATE
106 6.603e-06 16384 7632 DEALLOCATE
107 5.861e-06 16384 7704 ALLOCATE
108 6.362e-06 16384 7776 ALLOCATE
109 3.738e-05 16384 7848 ALLOCATE
110 3.241e-05 16384 7920 ALLOCATE
111 2.1029e-05 16384 7992 ALLOCATE
110 6.843e-06 16384 7920 DEALLOCATE
111 5.961e-06 16384 7992 ALLOCATE
110 7.154e-06 16384 7920 DEALLOCATE
109 1.3546e-05 16384 7848 DEALLOCATE
110 8.886e-06 16384 7920 ALLOCATE
111 2.5737e-05 16384 7992 ALLOCATE
110 6.312e-06 16384 7920 DEALLOCATE
109 1.1341e-05 16384 7848 DEALLOCATE
110 6.372e-06 16384 7920 ALLOCATE
111 6.412e-06 16384 7992 ALLOCATE
110 5.85e-06 16384 7920 DEALLOCATE
111 6.843e-06 16384 7992 ALLOCATE
110 6.271e-06 16384 7920 DEALLOCATE
109 6.723e-06 16384 7848 DEALLOCATE
108 1.2924e-05 16384 7776 DEALLOCATE
109 6.482e-06 16384 7848 ALLOCATE
108 5.119e-06 16384 7776 DEALLOCATE
107 6.582e-06 16384 7704 DEALLOCATE
108 9.037e-06 16384 7776 ALLOCATE
107 5.781e-06 16384 7704 DEALLOCATE
108 6.402e-06 16384 7776 ALLOCATE
109 6.913e-06 16384 7848 ALLOCATE
110 1.5329e-05 16384 7920 ALLOCATE
109 1.6902e-05 16384 7848 DEALLOCATE
110 8.786e-06 16384 7920 ALLOCATE
111 9.988e-06 16384 7992 ALLOCATE
110 7.494e-06 16384 7920 DEALLOCATE
111 7.865e-06 16384 7992 ALLOCATE
112 1.3275e-05 16384 8064 ALLOCATE
113 9.9095e-05 16384 8136 ALLOCATE
112 6.102e-06 16384 8064 DEALLOCATE
113 5.23e-06 16384 8136 ALLOCATE
114 7.443e-06 16384 8208 ALLOCATE
115 2.0909e-05 16384 8280 ALLOCATE
114 9.908e-06 16384 8208 DEALLOCATE
115 7.644e-06 16384 8280 ALLOCATE
116 8.806e-06 16384 8352 ALLOCATE
117 4.6937e-05 16384 8424 ALLOCATE
118 6.342e-06 16384 8496 ALLOCATE
117 6.271e-06 16384 8424 DEALLOCATE
118 7.054e-06 16384 8496 ALLOCATE
119 2.3744e-05 16384 8568 ALLOCATE
118 7.624e-06 16384 8496 DEALLOCATE
117 9.007e-06 16384 8424 DEALLOCATE
116 1.2022e-05 16384 8352 DEALLOCATE
115 1.4166e-05 16384 8280 DEALLOCATE
116 1.4887e-05 16384 8352 ALLOCATE
115 6.111e-06 16384 8280 DEALLOCATE
114 6.883e-06 16384 8208 DEALLOCATE
115 8.926e-06 16384 8280 ALLOCATE
114 4.969e-06 16384 8208 DEALLOCATE
115 5.941e-06 16384 8280 ALLOCATE
116 6.643e-06 16384 8352 ALLOCATE
117 2.0889e-05 16384 8424 ALLOCATE
116 4.699e-06 16384 8352 DEALLOCATE
115 4.589e-06 16384 8280 DEALLOCATE
116 5.159e-06 16384 8352 ALLOCATE
115 6.903e-06 16384 8280 DEALLOCATE
114 1.1552e-05 16384 8208 DEALLOCATE
113 1.1562e-05 16384 8136 DEALLOCATE
114 5.901e-06 16384 8208 ALLOCATE
115 8.186e-06 16384 8280 ALLOCATE
116 7.174e-06 16384 8352 ALLOCATE
115 1.2794e-05 16384 8280 DEALLOCATE
114 8.365e-06 16384 8208 DEALLOCATE
115 8.526e-06 16384 8280 ALLOCATE
116 1.1201e-05 16384 8352 ALLOCATE
115 9.618e-06 16384 8280 DEALLOCATE
114 5.43e-06 16384 8208 DEALLOCATE
115 7.003e-06 16384 8280 ALLOCATE
116 7.273e-06 16384 8352 ALLOCATE
117 1.9236e-05 16384 8424 ALLOCATE
118 4.979e-06 16384 8496 ALLOCATE
119 3.1017e-05 16384 8568 ALLOCATE
118 4.899e-06 16384 8496 DEALLOCATE
119 5.22e-06 16384 8568 ALLOCATE
118 7.273e-06 16384 8496 DEALLOCATE
117 1.1061e-05 16384 8424 DEALLOCATE
116 5.64e-06 16384 8352 DEALLOCATE
115 4.248e-06 16384 8280 DEALLOCATE
114 1.6982e-05 16384 8208 DEALLOCATE
113 9.228e-06 16384 8136 DEALLOCATE
114 6.762e-06 16384 8208 ALLOCATE
113 5.26e-06 16384 8136 DEALLOCATE
112 1.2033e-05 16384 8064 DEALLOCATE
113 1.073e-05 16384 8136 ALLOCATE
112 8.256e-06 16384 8064 DEALLOCATE
113 7.514e-06 16384 8136 ALLOCATE
112 5.941e-06 16384 8064 DEALLOCATE
111 1.0379e-05 16384 7992 DEALLOCATE
112 7.133e-06 16384 8064 ALLOCATE
113 6.061e-06 16384 8136 ALLOCATE
112 6.452e-06 16384 8064 DEALLOCATE
113 7.253e-06 16384 8136 ALLOCATE
114 1.601e-05 16384 8208 ALLOCATE
115 2.0959e-05 16384 8280 ALLOCATE
116 5.43e-06 16384 8352 ALLOCATE
117 4.8239e-05 16384 8424 ALLOCATE
118 5.901e-06 16384 8496 ALLOCATE
119 1.8715e-05 16384 8568 ALLOCATE
120 6.592e-06 16384 8640 ALLOCATE
121 4.4293e-05 16384 8712 ALLOCATE
122 6.643e-06 16384 8784 ALLOCATE
121 7.925e-06 16384 8712 DEALLOCATE
122 1.1301e-05 16384 8784 ALLOCATE
121 1.1241e-05 16384 8712 DEALLOCATE
122 8.776e-06 16384 8784 ALLOCATE
123 1.8585e-05 16384 8856 ALLOCATE
124 5.199e-06 16384 8928 ALLOCATE
123 6.122e-06 16384 8856 DEALLOCATE
122 7.184e-06 16384 8784 DEALLOCATE
123 6.011e-06 16384 8856 ALLOCATE
122 5.29e-06 16384 8784 DEALLOCATE
121 8.586e-06 16384 8712 DEALLOCATE
122 5.72e-06 16384 8784 ALLOCATE
123 7.945e-06 16384 8856 ALLOCATE
122 4.769e-06 16384 8784 DEALLOCATE
121 7.534e-06 16384 8712 DEALLOCATE
120 5.47e-06 16384 8640 DEALLOCATE
121 7.665e-06 16384 8712 ALLOCATE
122 7.835e-06 16384 8784 ALLOCATE
121 5.48e-06 16384 8712 DEALLOCATE
122 7.213e-06 16384 8784 ALLOCATE
121 5.49e-06 16384 8712 DEALLOCATE
120 6.011e-06 16384 8640 DEALLOCATE
121 6.712e-06 16384 8712 ALLOCATE
122 1.0339e-05 16384 8784 ALLOCATE
121 5.31e-06 16384 8712 DEALLOCATE
122 5.951e-06 16384 8784 ALLOCATE
123 1.8865e-05 16384 8856 ALLOCATE
122 7.073e-06 16384 8784 DEALLOCATE
121 5.44e-06 16384 8712 DEALLOCATE
122 5.881e-06 16384 8784 ALLOCATE
123 6.312e-06 16384 8856 ALLOCATE
122 4.268e-06 16384 8784 DEALLOCATE
123 6.983e-06 16384 8856 ALLOCATE
124 7.735e-06 16384 8928 ALLOCATE
123 4.618e-06 16384 8856 DEALLOCATE
124 6.181e-06 16384 8928 ALLOCATE
123 5.05e-06 16384 8856 DEALLOCATE
122 4.759e-06 16384 8784 DEALLOCATE
121 6.031e-06 16384 8712 DEALLOCATE
120 4.899e-06 16384 8640 DEALLOCATE
119 6.252e-06 16384 8568 DEALLOCATE
118 7.624e-06 16384 8496 DEALLOCATE
119 5.791e-06 16384 8568 ALLOCATE
120 5.821e-06 16384 8640 ALLOCATE
121 5.49e-06 16384 8712 ALLOCATE
120 5.229e-06 16384 8640 DEALLOCATE
121 5.21e-06 16384 8712 ALLOCATE
120 1.1331e-05 16384 8640 DEALLOCATE
119 8.316e-06 16384 8568 DEALLOCATE
118 1.0009e-05 16384 8496 DEALLOCATE
119 7.353e-06 16384 8568 ALLOCATE
120 6.583e-06 16384 8640 ALLOCATE
121 8.816e-06 16384 8712 ALLOCATE
122 8.516e-06 16384 8784 ALLOCATE
123 2.5417e-05 16384 8856 ALLOCATE
124 7.504e-06 16384 8928 ALLOCATE
123 6.543e-06 16384 8856 DEALLOCATE
122 4.649e-06 16384 8784 DEALLOCATE
121 9.077e-06 16384 8712 DEALLOCATE
120 3.777e-06 16384 8640 DEALLOCATE
119 9.358e-06 16384 8568 DEALLOCATE
120 6.923e-06 16384 8640 ALLOCATE
119 6.432e-06 16384 8568 DEALLOCATE
118 8.806e-06 16384 8496 DEALLOCATE
117 8.616e-06 16384 8424 DEALLOCATE
116 5.73e-06 16384 8352 DEALLOCATE
117 6.102e-06 16384 8424 ALLOCATE
116 6.282e-06 16384 8352 DEALLOCATE
117 5.64e-06 16384 8424 ALLOCATE
118 7.084e-06 16384 8496 ALLOCATE
119 7.734e-06 16384 8568 ALLOCATE
120 8.165e-06 16384 8640 ALLOCATE
119 5.391e-06 16384 8568 DEALLOCATE
120 7.735e-06 16384 8640 ALLOCATE
119 4.569e-06 16384 8568 DEALLOCATE
118 5.711e-06 16384 8496 DEALLOCATE
119 5.59e-06 16384 8568 ALLOCATE
120 6.352e-06 16384 8640 ALLOCATE
119 5.81e-06 16384 8568 DEALLOCATE
120 6.201e-06 16384 8640 ALLOCATE
119 4.829e-06 16384 8568 DEALLOCATE
120 6.603e-06 16384 8640 ALLOCATE
121 2.137e-05 16384 8712 ALLOCATE
120 5.721e-06 16384 8640 DEALLOCATE
121 6.692e-06 16384 8712 ALLOCATE
122 5.921e-06 16384 8784 ALLOCATE
123 1.9266e-05 16384 8856 ALLOCATE
122 6.833e-06 16384 8784 DEALLOCATE
123 5.52e-06 16384 8856 ALLOCATE
124 5.981e-06 16384 8928 ALLOCATE
123 6.822e-06 16384 8856 DEALLOCATE
124 6.232e-06 16384 8928 ALLOCATE
123 7.194e-06 16384 8856 DEALLOCATE
122 5.881e-06 16384 8784 DEALLOCATE
121 6.232e-06 16384 8712 DEALLOCATE
122 5.59e-06 16384 8784 ALLOCATE
123 6.191e-06 16384 8856 ALLOCATE
122 7.444e-06 16384 8784 DEALLOCATE
123 6.231e-06 16384 8856 ALLOCATE
124 7.374e-06 16384 8928 ALLOCATE
125 3.0958e-05 16384 9000 ALLOCATE
124 4.118e-06 16384 8928 DEALLOCATE
123 7.584e-06 16384 8856 DEALLOCATE
124 5.711e-06 16384 8928 ALLOCATE
123 6.382e-06 16384 8856 DEALLOCATE
124 5.801e-06 16384 8928 ALLOCATE
123 5.841e-06 16384 8856 DEALLOCATE
122 5.12e-06 16384 8784 DEALLOCATE
123 5.9e-06 16384 8856 ALLOCATE
124 6.513e-06 16384 8928 ALLOCATE
123 8.155e-06 16384 8856 DEALLOCATE
124 6.673e-06 16384 8928 ALLOCATE
123 9.919e-06 16384 8856 DEALLOCATE
122 5.831e-06 16384 8784 DEALLOCATE
123 6.382e-06 16384 8856 ALLOCATE
124 6.893e-06 16384 8928 ALLOCATE
123 4.568e-06 16384 8856 DEALLOCATE
122 5.49e-06 16384 8784 DEALLOCATE
123 6.722e-06 16384 8856 ALLOCATE
122 5.73e-06 16384 8784 DEALLOCATE
121 7.404e-06 16384 8712 DEALLOCATE
120 4.869e-06 16384 8640 DEALLOCATE
119 6.742e-06 16384 8568 DEALLOCATE
120 6.332e-06 16384 8640 ALLOCATE
121 6.332e-06 16384 8712 ALLOCATE
120 5.089e-06 16384 8640 DEALLOCATE
121 5.951e-06 16384 8712 ALLOCATE
122 6.502e-06 16384 8784 ALLOCATE
123 7.484e-06 16384 8856 ALLOCATE
124 7.444e-06 16384 8928 ALLOCATE
123 8.336e-06 16384 8856 DEALLOCATE
124 6.903e-06 16384 8928 ALLOCATE
125 8.606e-06 16384 9000 ALLOCATE
126 7.975e-06 16384 9072 ALLOCATE
125 6.191e-06 16384 9000 DEALLOCATE
126 1.2673e-05 16384 9072 ALLOCATE
127 3.1048e-05 16384 9144 ALLOCATE
128 6.552e-06 16384 9216 ALLOCATE
127 1.4587e-05 16384 9144 DEALLOCATE
128 8.145e-06 16384 9216 ALLOCATE
129 5.339e-05 20480 9288 ALLOCATE
128 6.833e-06 20480 9216 DEALLOCATE
129 5.441e-06 20480 9288 ALLOCATE
128 5.581e-06 20480 9216 DEALLOCATE
127 8.816e-06 20480 9144 DEALLOCATE
126 1.0048e-05 20480 9072 DEALLOCATE
125 1.3344e-05 20480 9000 DEALLOCATE
124 8.636e-06 20480 8928 DEALLOCATE
125 6.322e-06 20480 9000 ALLOCATE
126 5.992e-06 20480 9072 ALLOCATE
125 1.0169e-05 20480 9000 DEALLOCATE
124 9.698e-06 20480 8928 DEALLOCATE
125 7.574e-06 20480 9000 ALLOCATE
126 9.317e-06 20480 9072 ALLOCATE
125 7.775e-06 20480 9000 DEALLOCATE
124 1.3756e-05 20480 8928 DEALLOCATE
125 7.354e-06 20480 9000 ALLOCATE
126 8.306e-06 20480 9072 ALLOCATE
125 7.815e-06 20480 9000 DEALLOCATE
124 7.264e-06 20480 8928 DEALLOCATE
123 7.123e-06 20480 8856 DEALLOCATE
122 9.037e-06 20480 8784 DEALLOCATE
123 7.113e-06 20480 8856 ALLOCATE
122 1.054e-05 20480 8784 DEALLOCATE
123 7.404e-06 20480 8856 ALLOCATE
124 7.524e-06 20480 8928 ALLOCATE
125 8.435e-06 20480 9000 ALLOCATE
124 1.081e-05 20480 8928 DEALLOCATE
125 8.195e-06 20480 9000 ALLOCATE
126 8.396e-06 20480 9072 ALLOCATE
125 8.857e-06 20480 9000 DEALLOCATE
126 8.946e-06 20480 9072 ALLOCATE
127 9.688e-06 20480 9144 ALLOCATE
128 8.496e-06 20480 9216 ALLOCATE
127 6.562e-06 20480 9144 DEALLOCATE
126 5.54e-06 20480 9072 DEALLOCATE
125 7.033e-06 20480 9000 DEALLOCATE
124 9.147e-06 20480 8928 DEALLOCATE
125 6.361e-06 20480 9000 ALLOCATE
126 6.702e-06 20480 9072 ALLOCATE
127 6.983e-06 20480 9144 ALLOCATE
128 8.376e-06 20480 9216 ALLOCATE
129 1.9676e-05 20480 9288 ALLOCATE
128 4.759e-06 20480 9216 DEALLOCATE
127 1.2673e-05 20480 9144 DEALLOCATE
128 5.47e-06 20480 9216 ALLOCATE
129 1.9406e-05 20480 9288 ALLOCATE
130 5.55e-06 20480 9360 ALLOCATE
129 5.24e-06 20480 9288 DEALLOCATE
128 8.455e-06 20480 9216 DEALLOCATE
127 9.077e-06 20480 9144 DEALLOCATE
128 8.145e-06 20480 9216 ALLOCATE
129 1.9276e-05 20480 9288 ALLOCATE
130 5.711e-06 20480 9360 ALLOCATE
129 6.052e-06 20480 9288 DEALLOCATE
128 8.215e-06 20480 9216 DEALLOCATE
127 5.641e-06 20480 9144 DEALLOCATE
128 7.384e-06 20480 9216 ALLOCATE
127 8.275e-06 20480 9144 DEALLOCATE
126 8.606e-06 20480 9072 DEALLOCATE
127 6.452e-06 20480 9144 ALLOCATE
126 8.105e-06 20480 9072 DEALLOCATE
125 5.059e-06 20480 9000 DEALLOCATE
126 8.446e-06 20480 9072 ALLOCATE
127 7.675e-06 20480 9144 ALLOCATE
126 7.434e-06 20480 9072 DEALLOCATE
125 9.026e-06 20480 9000 DEALLOCATE
124 8.005e-06 20480 8928 DEALLOCATE
125 7.013e-06 20480 9000 ALLOCATE
126 8.907e-06 20480 9072 ALLOCATE
125 8.807e-06 20480 9000 DEALLOCATE
126 1.083e-05 20480 9072 ALLOCATE
127 7.214e-06 20480 9144 ALLOCATE
128 6.752e-06 20480 9216 ALLOCATE
127 1.9757e-05 20480 9144 DEALLOCATE
128 7.644e-06 20480 9216 ALLOCATE
127 7.524e-06 20480 9144 DEALLOCATE
128 6.301e-06 20480 9216 ALLOCATE
127 7.724e-06 20480 9144 DEALLOCATE
128 6.702e-06 20480 9216 ALLOCATE
129 1.3916e-05 20480 9288 ALLOCATE
128 5.951e-06 20480 9216 DEALLOCATE
127 8.957e-06 20480 9144 DEALLOCATE
126 9.107e-06 20480 9072 DEALLOCATE
125 1.0198e-05 20480 9000 DEALLOCATE
124 7.764e-06 20480 8928 DEALLOCATE
123 1.0149e-05 20480 8856 DEALLOCATE
122 9.377e-06 20480 8784 DEALLOCATE
121 9.016e-06 20480 8712 DEALLOCATE
122 6.432e-06 20480 8784 ALLOCATE
123 6.763e-06 20480 8856 ALLOCATE
122 1.2934e-05 20480 8784 DEALLOCATE
121 9.848e-06 20480 8712 DEALLOCATE
120 1.4237e-05 20480 8640 DEALLOCATE
121 8.155e-06 20480 8712 ALLOCATE
120 6.522e-06 20480 8640 DEALLOCATE
119 8.176e-06 20480 8568 DEALLOCATE
120 5.22e-06 20480 8640 ALLOCATE
121 8.405e-06 20480 8712 ALLOCATE
120 1.055e-05 20480 8640 DEALLOCATE
121 8.205e-06 20480 8712 ALLOCATE
122 8.285e-06 20480 8784 ALLOCATE
121 8.676e-06 20480 8712 DEALLOCATE
120 4.498e-06 20480 8640 DEALLOCATE
121 5.501e-06 20480 8712 ALLOCATE
120 5.691e-06 20480 8640 DEALLOCATE
121 6.272e-06 20480 8712 ALLOCATE
122 8.196e-06 20480 8784 ALLOCATE
123 1.7042e-05 20480 8856 ALLOCATE
124 5.009e-06 20480 8928 ALLOCATE
123 6.171e-06 20480 8856 DEALLOCATE
124 6.232e-06 20480 8928 ALLOCATE
123 7.885e-06 20480 8856 DEALLOCATE
122 7.534e-06 20480 8784 DEALLOCATE
123 1.4387e-05 20480 8856 ALLOCATE
122 8.025e-06 20480 8784 DEALLOCATE
123 6.643e-06 20480 8856 ALLOCATE
124 8.626e-06 20480 8928 ALLOCATE
125 1.9696e-05 20480 9000 ALLOCATE
126 5.58e-06 20480 9072 ALLOCATE
125 8.146e-06 20480 9000 DEALLOCATE
124 7.985e-06 20480 8928 DEALLOCATE
125 9.608e-06 20480 9000 ALLOCATE
126 9.578e-06 20480 9072 ALLOCATE
125 7.875e-06 20480 9000 DEALLOCATE
124 8.967e-06 20480 8928 DEALLOCATE
125 7.654e-06 20480 9000 ALLOCATE
126 8.256e-06 20480 9072 ALLOCATE
125 1.064e-05 20480 9000 DEALLOCATE
126 9.237e-06 20480 9072 ALLOCATE
127 2.0088e-05 20480 9144 ALLOCATE
128 6.603e-06 20480 9216 ALLOCATE
129 2.9284e-05 20480 9288 ALLOCATE
128 9.268e-06 20480 9216 DEALLOCATE
127 7.564e-06 20480 9144 DEALLOCATE
126 8.005e-06 20480 9072 DEALLOCATE
125 1.1762e-05 20480 9000 DEALLOCATE
124 8.376e-06 20480 8928 DEALLOCATE
125 5.5e-06 20480 9000 ALLOCATE
124 5.981e-06 20480 8928 DEALLOCATE
125 6.693e-06 20480 9000 ALLOCATE
124 9.758e-06 20480 8928 DEALLOCATE
125 7.894e-06 20480 9000 ALLOCATE
126 8.075e-06 20480 9072 ALLOCATE
125 1.0359e-05 20480 9000 DEALLOCATE
126 8.976e-06 20480 9072 ALLOCATE
127 7.835e-06 20480 9144 ALLOCATE
126 7.013e-06 20480 9072 DEALLOCATE
127 1.9245e-05 20480 9144 ALLOCATE
128 1.088e-05 20480 9216 ALLOCATE
127 7.704e-06 20480 9144 DEALLOCATE
126 1.5309e-05 20480 9072 DEALLOCATE
127 7.153e-06 20480 9144 ALLOCATE
126 4.128e-06 20480 9072 DEALLOCATE
127 4.869e-06 20480 9144 ALLOCATE
128 8.416e-06 20480 9216 ALLOCATE
129 8.406e-06 20480 9288 ALLOCATE
130 1.052e-05 20480 9360 ALLOCATE
129 9.537e-06 20480 9288 DEALLOCATE
130 7.393e-06 20480 9360 ALLOCATE
131 2.3433e-05 20480 9432 ALLOCATE
130 4.539e-06 20480 9360 DEALLOCATE
131 4.759e-06 20480 9432 ALLOCATE
130 1.03e-05 20480 9360 DEALLOCATE
129 1.108e-05 20480 9288 DEALLOCATE
128 1.5379e-05 20480 9216 DEALLOCATE
129 8.035e-06 20480 9288 ALLOCATE
128 7.784e-06 20480 9216 DEALLOCATE
127 6.392e-06 20480 9144 DEALLOCATE
126 6.933e-06 20480 9072 DEALLOCATE
127 6.462e-06 20480 9144 ALLOCATE
128 6.903e-06 20480 9216 ALLOCATE
129 9.107e-06 20480 9288 ALLOCATE
128 1.0188e-05 20480 9216 DEALLOCATE
129 7.924e-06 20480 9288 ALLOCATE
128 6.342e-06 20480 9216 DEALLOCATE
129 7.184e-06 20480 9288 ALLOCATE
130 7.804e-06 20480 9360 ALLOCATE
129 4.098e-06 20480 9288 DEALLOCATE
130 4.859e-06 20480 9360 ALLOCATE
129 4.078e-06 20480 9288 DEALLOCATE
128 7.053e-06 20480 9216 DEALLOCATE
129 1.6791e-05 20480 9288 ALLOCATE
128 4.819e-06 20480 9216 DEALLOCATE
129 5.2e-06 20480 9288 ALLOCATE
130 5.43e-06 20480 9360 ALLOCATE
129 6.152e-06 20480 9288 DEALLOCATE
130 6.562e-06 20480 9360 ALLOCATE
129 7.304e-06 20480 9288 DEALLOCATE
130 6.672e-06 20480 9360 ALLOCATE
131 1.7282e-05 20480 9432 ALLOCATE
132 4.929e-06 20480 9504 ALLOCATE
133 2.5788e-05 20480 9576 ALLOCATE
132 8.175e-06 20480 9504 DEALLOCATE
133 4.709e-06 20480 9576 ALLOCATE
132 7.684e-06 20480 9504 DEALLOCATE
133 7.113e-06 20480 9576 ALLOCATE
134 9.869e-06 20480 9648 ALLOCATE
133 7.865e-06 20480 9576 DEALLOCATE
134 7.433e-06 20480 9648 ALLOCATE
133 8.316e-06 20480 9576 DEALLOCATE
134 7.274e-06 20480 9648 ALLOCATE
133 3.2871e-05 20480 9576 DEALLOCATE
134 1.099e-05 20480 9648 ALLOCATE
133 6.712e-06 20480 9576 DEALLOCATE
132 5.229e-06 20480 9504 DEALLOCATE
133 5.1e-06 20480 9576 ALLOCATE
132 5.39e-06 20480 9504 DEALLOCATE
131 5.39e-06 20480 9432 DEALLOCATE
130 7.394e-06 20480 9360 DEALLOCATE
131 4.939e-06 20480 9432 ALLOCATE
130 6.813e-06 20480 9360 DEALLOCATE
131 5.691e-06 20480 9432 ALLOCATE
130 9.688e-06 20480 9360 DEALLOCATE
129 7.304e-06 20480 9288 DEALLOCATE
130 7.114e-06 20480 9360 ALLOCATE
131 6.552e-06 20480 9432 ALLOCATE
132 1.9867e-05 20480 9504 ALLOCATE
133 8.205e-06 20480 9576 ALLOCATE
134 1.3766e-05 20480 9648 ALLOCATE
135 1.8214e-05 20480 9720 ALLOCATE
134 3.1719e-05 20480 9648 DEALLOCATE
135 7.464e-06 20480 9720 ALLOCATE
134 1.1592e-05 20480 9648 DEALLOCATE
135 7.114e-06 20480 9720 ALLOCATE
134 5.18e-06 20480 9648 DEALLOCATE
135 5.501e-06 20480 9720 ALLOCATE
136 9.848e-06 20480 9792 ALLOCATE
135 4.689e-06 20480 9720 DEALLOCATE
136 6.903e-06 20480 9792 ALLOCATE
135 4.749e-06 20480 9720 DEALLOCATE
134 5.31e-06 20480 9648 DEALLOCATE
133 6.963e-06 20480 9576 DEALLOCATE
132 8.546e-06 20480 9504 DEALLOCATE
133 5.69e-06 20480 9576 ALLOCATE
134 6.062e-06 20480 9648 ALLOCATE
135 6.802e-06 20480 9720 ALLOCATE
136 8.025e-06 20480 9792 ALLOCATE
135 4.608e-06 20480 9720 DEALLOCATE
136 5.62e-06 20480 9792 ALLOCATE
137 4.9432e-05 20480 9864 ALLOCATE
138 5.641e-06 20480 9936 ALLOCATE
139 2.0448e-05 20480 10008 ALLOCATE
138 9.728e-06 20480 9936 DEALLOCATE
137 9.157e-06 20480 9864 DEALLOCATE
136 4.749e-06 20480 9792 DEALLOCATE
135 7.865e-06 20480 9720 DEALLOCATE
136 6.112e-06 20480 9792 ALLOCATE
135 9.858e-06 20480 9720 DEALLOCATE
134 4.599e-06 20480 9648 DEALLOCATE
135 5.66e-06 20480 9720 ALLOCATE
134 9.809e-06 20480 9648 DEALLOCATE
135 1.2633e-05 20480 9720 ALLOCATE
136 1.045e-05 20480 9792 ALLOCATE
137 9.788e-06 20480 9864 ALLOCATE
138 8.606e-06 20480 9936 ALLOCATE
139 2.122e-05 20480 10008 ALLOCATE
140 5.551e-06 20480 10080 ALLOCATE
139 7.645e-06 20480 10008 DEALLOCATE
140 7.293e-06 20480 10080 ALLOCATE
141 2.8393e-05 20480 10152 ALLOCATE
140 8.376e-06 20480 10080 DEALLOCATE
141 5.981e-06 20480 10152 ALLOCATE
140 8.686e-06 20480 10080 DEALLOCATE
141 7.775e-06 20480 10152 ALLOCATE
140 1.0129e-05 20480 10080 DEALLOCATE
141 9.187e-06 20480 10152 ALLOCATE
142 8.316e-06 20480 10224 ALLOCATE
141 4.679e-06 20480 10152 DEALLOCATE
142 5.631e-06 20480 10224 ALLOCATE
141 7.544e-06 20480 10152 DEALLOCATE
140 4.248e-06 20480 10080 DEALLOCATE
139 8.957e-06 20480 10008 DEALLOCATE
140 5.67e-06 20480 10080 ALLOCATE
139 9.768e-06 20480 10008 DEALLOCATE
140 8.536e-06 20480 10080 ALLOCATE
139 5.44e-06 20480 10008 DEALLOCATE
140 5.731e-06 20480 10080 ALLOCATE
141 1.6972e-05 20480 10152 ALLOCATE
140 5.541e-06 20480 10080 DEALLOCATE
141 4.829e-06 20480 10152 ALLOCATE
142 5.01e-06 20480 10224 ALLOCATE
143 2.141e-05 20480 10296 ALLOCATE
144 4.559e-06 20480 10368 ALLOCATE
145 3.6808e-05 20480 10440 ALLOCATE
146 4.789e-06 20480 10512 ALLOCATE
147 2.0508e-05 20480 10584 ALLOCATE
146 4.719e-06 20480 10512 DEALLOCATE
145 6.883e-06 20480 10440 DEALLOCATE
146 4.528e-06 20480 10512 ALLOCATE
145 4.038e-06 20480 10440 DEALLOCATE
144 9.357e-06 20480 10368 DEALLOCATE
143 3.967e-06 20480 10296 DEALLOCATE
144 4.679e-06 20480 10368 ALLOCATE
145 2.3594e-05 20480 10440 ALLOCATE
144 7.594e-06 20480 10368 DEALLOCATE
145 4.649e-06 20480 10440 ALLOCATE
144 8.706e-06 20480 10368 DEALLOCATE
145 9.067e-06 20480 10440 ALLOCATE
144 8.866e-06 20480 10368 DEALLOCATE
143 4.158e-06 20480 10296 DEALLOCATE
144 4.769e-06 20480 10368 ALLOCATE
143 8.145e-06 20480 10296 DEALLOCATE
144 7.094e-06 20480 10368 ALLOCATE
143 4.368e-06 20480 10296 DEALLOCATE
144 5.169e-06 20480 10368 ALLOCATE
145 7.654e-06 20480 10440 ALLOCATE
144 6.472e-06 20480 10368 DEALLOCATE
143 3.928e-06 20480 10296 DEALLOCATE
144 4.679e-06 20480 10368 ALLOCATE
143 3.918e-06 20480 10296 DEALLOCATE
144 5.851e-06 20480 10368 ALLOCATE
143 5.12e-06 20480 10296 DEALLOCATE
142 7.534e-06 20480 10224 DEALLOCATE
143 5.01e-06 20480 10296 ALLOCATE
144 6.351e-06 20480 10368 ALLOCATE
145 6.703e-06 20480 10440 ALLOCATE
144 7.203e-06 20480 10368 DEALLOCATE
145 6.953e-06 20480 10440 ALLOCATE
144 4.869e-06 20480 10368 DEALLOCATE
145 4.759e-06 20480 10440 ALLOCATE
146 7.163e-06 20480 10512 ALLOCATE
145 4.027e-06 20480 10440 DEALLOCATE
144 8.015e-06 20480 10368 DEALLOCATE
145 4.689e-06 20480 10440 ALLOCATE
144 4.729e-06 20480 10368 DEALLOCATE
143 7.845e-06 20480 10296 DEALLOCATE
144 4.829e-06 20480 10368 ALLOCATE
145 6.733e-06 20480 10440 ALLOCATE
146 7.334e-06 20480 10512 ALLOCATE
147 1.6641e-05 20480 10584 ALLOCATE
148 5.34e-06 20480 10656 ALLOCATE
147 6.582e-06 20480 10584 DEALLOCATE
148 6.692e-06 20480 10656 ALLOCATE
147 3.837e-06 20480 10584 DEALLOCATE
146 4.308e-06 20480 10512 DEALLOCATE
147 4.539e-06 20480 10584 ALLOCATE
148 5.57e-06 20480 10656 ALLOCATE
149 2.8363e-05 20480 10728 ALLOCATE
148 7.905e-06 20480 10656 DEALLOCATE
149 8.005e-06 20480 10728 ALLOCATE
150 8.406e-06 20480 10800 ALLOCATE
149 5.22e-06 20480 10728 DEALLOCATE
148 5.05e-06 20480 10656 DEALLOCATE
149 4.929e-06 20480 10728 ALLOCATE
150 5.099e-06 20480 10800 ALLOCATE
151 2.0047e-05 20480 10872 ALLOCATE
150 7.934e-06 20480 10800 DEALLOCATE
151 4.628e-06 20480 10872 ALLOCATE
152 9.738e-06 20480 10944 ALLOCATE
151 4.999e-06 20480 10872 DEALLOCATE
150 1.1501e-05 20480 10800 DEALLOCATE
151 5.62e-06 20480 10872 ALLOCATE
150 5.45e-06 20480 10800 DEALLOCATE
151 6.552e-06 20480 10872 ALLOCATE
152 9.367e-06 20480 10944 ALLOCATE
151 1.08e-05 20480 10872 DEALLOCATE
150 4.789e-06 20480 10800 DEALLOCATE
149 4.909e-06 20480 10728 DEALLOCATE
148 7.545e-06 20480 10656 DEALLOCATE
149 5.711e-06 20480 10728 ALLOCATE
148 4.909e-06 20480 10656 DEALLOCATE
149 6.452e-06 20480 10728 ALLOCATE
148 5.56e-06 20480 10656 DEALLOCATE
149 6.051e-06 20480 10728 ALLOCATE
150 8.305e-06 20480 10800 ALLOCATE
151 1.622e-05 20480 10872 ALLOCATE
152 4.799e-06 20480 10944 ALLOCATE
151 7.564e-06 20480 10872 DEALLOCATE
150 4.078e-06 20480 10800 DEALLOCATE
149 9.578e-06 20480 10728 DEALLOCATE
150 5.531e-06 20480 10800 ALLOCATE
151 9.277e-06 20480 10872 ALLOCATE
150 5.199e-06 20480 10800 DEALLOCATE
151 5.31e-06 20480 10872 ALLOCATE
152 7.353e-06 20480 10944 ALLOCATE
151 5.971e-06 20480 10872 DEALLOCATE
152 6.042e-06 20480 10944 ALLOCATE
153 3.8262e-05 20480 11016 ALLOCATE
152 1.0229e-05 20480 10944 DEALLOCATE
151 9.147e-06 20480 10872 DEALLOCATE
150 4.559e-06 20480 10800 DEALLOCATE
151 5.56e-06 20480 10872 ALLOCATE
150 5.63e-06 20480 10800 DEALLOCATE
151 6.192e-06 20480 10872 ALLOCATE
152 6.843e-06 20480 10944 ALLOCATE
153 8.316e-06 20480 11016 ALLOCATE
152 4.799e-06 20480 10944 DEALLOCATE
151 1.1611e-05 20480 10872 DEALLOCATE
152 8.837e-06 20480 10944 ALLOCATE
151 5.35e-06 20480 10872 DEALLOCATE
152 5.951e-06 20480 10944 ALLOCATE
151 8.626e-06 20480 10872 DEALLOCATE
152 7.865e-06 20480 10944 ALLOCATE
153 1.9787e-05 20480 11016 ALLOCATE
154 6.822e-06 20480 11088 ALLOCATE
153 4.829e-06 20480 11016 DEALLOCATE
154 5.2e-06 20480 11088 ALLOCATE
155 2.2412e-05 20480 11160 ALLOCATE
154 5.29e-06 20480 11088 DEALLOCATE
155 5.5e-06 20480 11160 ALLOCATE
154 8.265e-06 20480 11088 DEALLOCATE
155 2.2582e-05 20480 11160 ALLOCATE
154 9.688e-06 20480 11088 DEALLOCATE
153 5.17e-06 20480 11016 DEALLOCATE
152 9.949e-06 20480 10944 DEALLOCATE
153 5.53e-06 20480 11016 ALLOCATE
152 8.235e-06 20480 10944 DEALLOCATE
151 6.903e-06 20480 10872 DEALLOCATE
150 4.889e-06 20480 10800 DEALLOCATE
149 1.0179e-05 20480 10728 DEALLOCATE
150 5.761e-06 20480 10800 ALLOCATE
149 1.1051e-05 20480 10728 DEALLOCATE
148 8.115e-06 20480 10656 DEALLOCATE
147 5.129e-06 20480 10584 DEALLOCATE
146 7.975e-06 20480 10512 DEALLOCATE
145 4.729e-06 20480 10440 DEALLOCATE
146 5.67e-06 20480 10512 ALLOCATE
147 8.916e-06 20480 10584 ALLOCATE
146 5.36e-06 20480 10512 DEALLOCATE
145 5.71e-06 20480 10440 DEALLOCATE
146 5.771e-06 20480 10512 ALLOCATE
145 5.45e-06 20480 10440 DEALLOCATE
144 1.0499e-05 20480 10368 DEALLOCATE
145 5.821e-06 20480 10440 ALLOCATE
146 6.051e-06 20480 10512 ALLOCATE
145 4.559e-06 20480 10440 DEALLOCATE
146 5.56e-06 20480 10512 ALLOCATE
145 4.899e-06 20480 10440 DEALLOCATE
146 5.29e-06 20480 10512 ALLOCATE
145 4.018e-06 20480 10440 DEALLOCATE
144 9.768e-06 20480 10368 DEALLOCATE
143 4.859e-06 20480 10296 DEALLOCATE
142 8.836e-06 20480 10224 DEALLOCATE
143 5.791e-06 20480 10296 ALLOCATE
142 8.025e-06 20480 10224 DEALLOCATE
143 7.594e-06 20480 10296 ALLOCATE
144 7.875e-06 20480 10368 ALLOCATE
145 8.316e-06 20480 10440 ALLOCATE
146 1.3185e-05 20480 10512 ALLOCATE
145 6.311e-06 20480 10440 DEALLOCATE
146 6.753e-06 20480 10512 ALLOCATE
147 9.798e-06 20480 10584 ALLOCATE
146 6.011e-06 20480 10512 DEALLOCATE
147 6.512e-06 20480 10584 ALLOCATE
146 6.232e-06 20480 10512 DEALLOCATE
147 5.61e-06 20480 10584 ALLOCATE
146 1.0148e-05 20480 10512 DEALLOCATE
145 4.278e-06 20480 10440 DEALLOCATE
144 8.926e-06 20480 10368 DEALLOCATE
145 4.529e-06 20480 10440 ALLOCATE
144 4.238e-06 20480 10368 DEALLOCATE
143 7.464e-06 20480 10296 DEALLOCATE
144 7.464e-06 20480 10368 ALLOCATE
143 7.654e-06 20480 10296 DEALLOCATE
142 9.779e-06 20480 10224 DEALLOCATE
141 7.654e-06 20480 10152 DEALLOCATE
140 4.458e-06 20480 10080 DEALLOCATE
139 4.659e-06 20480 10008 DEALLOCATE
138 7.224e-06 20480 9936 DEALLOCATE
139 5.61e-06 20480 10008 ALLOCATE
140 5.169e-06 20480 10080 ALLOCATE
141 5.661e-06 20480 10152 ALLOCATE
140 3.857e-06 20480 10080 DEALLOCATE
141 4.598e-06 20480 10152 ALLOCATE
140 6.011e-06 20480 10080 DEALLOCATE
141 5.611e-06 20480 10152 ALLOCATE
140 6.331e-06 20480 10080 DEALLOCATE
141 6.502e-06 20480 10152 ALLOCATE
140 4.007e-06 20480 10080 DEALLOCATE
141 4.708e-06 20480 10152 ALLOCATE
142 6.832e-06 20480 10224 ALLOCATE
143 7.063e-06 20480 10296 ALLOCATE
142 5.33e-06 20480 10224 DEALLOCATE
143 5.69e-06 20480 10296 ALLOCATE
144 8.135e-06 20480 10368 ALLOCATE
143 3.897e-06 20480 10296 DEALLOCATE
144 4.699e-06 20480 10368 ALLOCATE
143 3.977e-06 20480 10296 DEALLOCATE
142 5.41e-06 20480 10224 DEALLOCATE
141 8.977e-06 20480 10152 DEALLOCATE
140 3.707e-06 20480 10080 DEALLOCATE
141 4.589e-06 20480 10152 ALLOCATE
140 4.168e-06 20480 10080 DEALLOCATE
139 3.778e-06 20480 10008 DEALLOCATE
138 3.687e-06 20480 9936 DEALLOCATE
137 4.108e-06 20480 9864 DEALLOCATE
136 9.247e-06 20480 9792 DEALLOCATE
135 4.107e-06 20480 9720 DEALLOCATE
134 8.135e-06 20480 9648 DEALLOCATE
133 6.652e-06 20480 9576 DEALLOCATE
134 4.398e-06 20480 9648 ALLOCATE
133 3.938e-06 20480 9576 DEALLOCATE
134 4.578e-06 20480 9648 ALLOCATE
135 4.89e-06 20480 9720 ALLOCATE
134 6.231e-06 20480 9648 DEALLOCATE
135 6.542e-06 20480 9720 ALLOCATE
134 1.1862e-05 20480 9648 DEALLOCATE
133 8.516e-06 20480 9576 DEALLOCATE
134 6.672e-06 20480 9648 ALLOCATE
133 9.037e-06 20480 9576 DEALLOCATE
132 7.835e-06 20480 9504 DEALLOCATE
131 1.074e-05 20480 9432 DEALLOCATE
132 8.516e-06 20480 9504 ALLOCATE
133 7.554e-06 20480 9576 ALLOCATE
134 7.985e-06 20480 9648 ALLOCATE
133 5.16e-06 20480 9576 DEALLOCATE
132 1.0059e-05 20480 9504 DEALLOCATE
131 4.739e-06 20480 9432 DEALLOCATE
132 5.651e-06 20480 9504 ALLOCATE
133 6.102e-06 20480 9576 ALLOCATE
134 8.346e-06 20480 9648 ALLOCATE
135 8.476e-06 20480 9720 ALLOCATE
134 8.416e-06 20480 9648 DEALLOCATE
135 7.785e-06 20480 9720 ALLOCATE
134 5.45e-06 20480 9648 DEALLOCATE
133 6.222e-06 20480 9576 DEALLOCATE
132 4.649e-06 20480 9504 DEALLOCATE
133 5.58e-06 20480 9576 ALLOCATE
134 5.972e-06 20480 9648 ALLOCATE
135 6.231e-06 20480 9720 ALLOCATE
134 1.4316e-05 20480 9648 DEALLOCATE
133 6.893e-06 20480 9576 DEALLOCATE
132 7.143e-06 20480 9504 DEALLOCATE
131 6.091e-06 20480 9432 DEALLOCATE
130 6.743e-06 20480 9360 DEALLOCATE
129 5.861e-06 20480 9288 DEALLOCATE
130 5.971e-06 20480 9360 ALLOCATE
129 8.967e-06 20480 9288 DEALLOCATE
128 4.849e-06 20480 9216 DEALLOCATE
127 9.137e-06 20480 9144 DEALLOCATE
128 5.66e-06 20480 9216 ALLOCATE
127 1.1732e-05 20480 9144 DEALLOCATE
128 7.625e-06 20480 9216 ALLOCATE
127 9.457e-06 20480 9144 DEALLOCATE
126 1.3515e-05 20480 9072 DEALLOCATE
125 6.672e-06 20480 9000 DEALLOCATE
124 1.2834e-05 20480 8928 DEALLOCATE
123 1.1271e-05 20480 8856 DEALLOCATE
122 1.3125e-05 20480 8784 DEALLOCATE
121 8.306e-06 20480 8712 DEALLOCATE
120 2.2162e-05 20480 8640 DEALLOCATE
119 1.0149e-05 20480 8568 DEALLOCATE
118 1.7002e-05 20480 8496 DEALLOCATE
117 1.117e-05 20480 8424 DEALLOCATE
116 1.3826e-05 20480 8352 DEALLOCATE
115 7.685e-06 20480 8280 DEALLOCATE
114 1.9186e-05 20480 8208 DEALLOCATE
113 8.456e-06 20480 8136 DEALLOCATE
112 2.2072e-05 20480 8064 DEALLOCATE
111 8.546e-06 20480 7992 DEALLOCATE
110 1.3204e-05 20480 7920 DEALLOCATE
109 9.117e-06 20480 7848 DEALLOCATE
108 1.4938e-05 20480 7776 DEALLOCATE
107 1.1131e-05 20480 7704 DEALLOCATE
106 1.5679e-05 20480 7632 DEALLOCATE
105 8.055e-06 20480 7560 DEALLOCATE
104 1.8575e-05 20480 7488 DEALLOCATE
103 8.626e-06 20480 7416 DEALLOCATE
102 8.596e-06 20480 7344 DEALLOCATE
101 7.745e-06 20480 7272 DEALLOCATE
100 1.7553e-05 20480 7200 DEALLOCATE
99 9.107e-06 20480 7128 DEALLOCATE
98 1.2343e-05 20480 7056 DEALLOCATE
97 6.051e-06 20480 6984 DEALLOCATE
96 1.7993e-05 20480 6912 DEALLOCATE
95 6.402e-06 20480 6840 DEALLOCATE
94 8.546e-06 20480 6768 DEALLOCATE
93 8.807e-06 20480 6696 DEALLOCATE
92 1.087e-05 20480 6624 DEALLOCATE
91 5.841e-06 20480 6552 DEALLOCATE
90 9.839e-06 20480 6480 DEALLOCATE
89 5.349e-06 20480 6408 DEALLOCATE
88 1.2443e-05 20480 6336 DEALLOCATE
87 5.319e-06 20480 6264 DEALLOCATE
86 7.494e-06 20480 6192 DEALLOCATE
85 4.498e-06 20480 6120 DEALLOCATE
84 1.0529e-05 20480 6048 DEALLOCATE
83 4.599e-06 20480 5976 DEALLOCATE
82 1.2964e-05 20480 5904 DEALLOCATE
81 7.674e-06 20480 5832 DEALLOCATE
80 1.8224e-05 20480 5760 DEALLOCATE
79 6.752e-06 20480 5688 DEALLOCATE
78 7.795e-06 20480 5616 DEALLOCATE
77 4.809e-06 20480 5544 DEALLOCATE
76 8.976e-06 20480 5472 DEALLOCATE
75 4.608e-06 20480 5400 DEALLOCATE
74 7.985e-06 20480 5328 DEALLOCATE
73 4.678e-06 20480 5256 DEALLOCATE
72 1.1902e-05 20480 5184 DEALLOCATE
71 4.689e-06 20480 5112 DEALLOCATE
70 6.903e-06 20480 5040 DEALLOCATE
69 4.217e-06 20480 4968 DEALLOCATE
68 9.739e-06 20480 4896 DEALLOCATE
67 4.779e-06 20480 4824 DEALLOCATE
66 7.394e-06 20480 4752 DEALLOCATE
65 4.959e-06 20480 4680 DEALLOCATE
64 1.6651e-05 20480 4608 DEALLOCATE
63 6.311e-06 20480 4536 DEALLOCATE
62 7.453e-06 20480 4464 DEALLOCATE
61 5.019e-06 20480 4392 DEALLOCATE
60 1.045e-05 20480 4320 DEALLOCATE
59 4.739e-06 20480 4248 DEALLOCATE
58 7.524e-06 20480 4176 DEALLOCATE
57 4.769e-06 20480 4104 DEALLOCATE
56 1.1532e-05 20480 4032 DEALLOCATE
55 5.19e-06 20480 3960 DEALLOCATE
54 4.789e-06 20480 3888 DEALLOCATE
53 4.91e-06 20480 3816 DEALLOCATE
52 5.12e-06 20480 3744 DEALLOCATE
51 5.26e-06 20480 3672 DEALLOCATE
50 7.985e-06 20480 3600 DEALLOCATE
49 5.099e-06 20480 3528 DEALLOCATE
48 1.1491e-05 20480 3456 DEALLOCATE
47 1.2463e-05 20480 3384 DEALLOCATE
46 5.55e-06 20480 3312 DEALLOCATE
45 4.268e-06 20480 3240 DEALLOCATE
44 4.509e-06 20480 3168 DEALLOCATE
43 8.286e-06 20480 3096 DEALLOCATE
42 9.598e-06 20480 3024 DEALLOCATE
41 8.836e-06 20480 2952 DEALLOCATE
40 1.4357e-05 20480 2880 DEALLOCATE
39 6.041e-06 20480 2808 DEALLOCATE
38 6.071e-06 20480 2736 DEALLOCATE
37 1.2623e-05 20480 2664 DEALLOCATE
36 5.51e-06 20480 2592 DEALLOCATE
35 1.1171e-05 20480 2520 DEALLOCATE
34 9.358e-06 20480 2448 DEALLOCATE
33 7.424e-06 20480 2376 DEALLOCATE
32 6.201e-06 20480 2304 DEALLOCATE
31 1.1681e-05 20480 2232 DEALLOCATE
30 4.889e-06 20480 2160 DEALLOCATE
29 7.784e-06 20480 2088 DEALLOCATE
28 7.614e-06 20480 2016 DEALLOCATE
27 9.889e-06 20480 1944 DEALLOCATE
26 8.266e-06 20480 1872 DEALLOCATE
25 9.939e-06 20480 1800 DEALLOCATE
24 8.536e-06 20480 1728 DEALLOCATE
23 1.0901e-05 20480 1656 DEALLOCATE
22 4.618e-06 20480 1584 DEALLOCATE
21 1.1401e-05 20480 1512 DEALLOCATE
20 5.941e-06 20480 1440 DEALLOCATE
19 6.772e-06 20480 1368 DEALLOCATE
18 4.288e-06 20480 1296 DEALLOCATE
17 7.725e-06 20480 1224 DEALLOCATE
16 4.649e-06 20480 1152 DEALLOCATE
15 1.0239e-05 20480 1080 DEALLOCATE
14 7.724e-06 20480 1008 DEALLOCATE
13 1.7853e-05 20480 936 DEALLOCATE
12 1.2313e-05 20480 864 DEALLOCATE
11 1.2613e-05 20480 792 DEALLOCATE
10 4.589e-06 20480 720 DEALLOCATE
9 4.709e-06 20480 648 DEALLOCATE
8 1.2383e-05 20480 576 DEALLOCATE
7 1.4086e-05 20480 504 DEALLOCATE
6 2.5337e-05 20480 432 DEALLOCATE
5 1.2223e-05 20480 360 DEALLOCATE
4 1.3956e-05 20480 288 DEALLOCATE
3 7.173e-06 20480 216 DEALLOCATE
2 1.8865e-05 20480 144 DEALLOCATE
1 1.101e-05 20480 72 DEALLOCATE
0 2.0628e-05 20480 0 DEALLOCATE