allocations timeSimple allocatedMemorySimple usedMemSimple timeTwin allocatedMemoryTwin usedMemTwin
10 4.23e-05 4096 7200.0002286 4096 720
20 5.15e-05 4096 14400.0003025 4096 1440
30 8.42e-05 4096 21600.0004303 4096 2160
40 0.0001887 4096 28800.0007589 8192 2880
50 0.000266 4096 36000.0008191 8192 3600
60 0.0003646 8192 43200.0011568 8192 4320
70 0.0005505 8192 50400.0013576 12288 5040
80 0.0006573 8192 57600.0011214 12288 5760
90 0.0009338 8192 64800.001681 12288 6480
100 0.0008415 8192 72000.0023097 16384 7200
110 0.0010531 8192 79200.0018233 16384 7920
120 0.0011692 12288 86400.0021221 16384 8640
130 0.0013863 12288 93600.0019653 20480 9360
140 0.0018979 12288 100800.0021015 20480 10080
150 0.0020974 12288 108000.0026907 20480 10800
160 0.0033299 12288 115200.0031561 20480 11520
170 0.0027506 16384 122400.0027766 24576 12240
180 0.0033511 16384 129600.0039657 24576 12960
190 0.0036683 16384 136800.0028891 24576 13680
200 0.0039684 16384 144000.0039409 28672 14400
210 0.0045239 16384 151200.0035329 28672 15120
220 0.0055076 16384 158400.007399 28672 15840
230 0.0073798 20480 165600.0047041 32768 16560
240 0.0058314 20480 172800.0048739 32768 17280
250 0.0057142 20480 180000.0044284 32768 18000
260 0.0097629 20480 187200.0040749 36864 18720
270 0.0080279 20480 194400.0050114 36864 19440
280 0.0084297 20480 201600.0045919 36864 20160
290 0.0079796 24576 208800.0048384 40960 20880
300 0.0183113 24576 216000.0083947 40960 21600
310 0.0126339 24576 223200.0151794 40960 22320
320 0.01435 24576 230400.0104801 40960 23040
330 0.0150232 24576 237600.0090125 45056 23760
340 0.0172275 28672 244800.0095157 45056 24480
350 0.0174353 28672 252000.0101244 45056 25200
360 0.0188929 28672 259200.0072337 49152 25920
370 0.0184939 28672 266400.0098229 49152 26640
380 0.017706 28672 273600.0090851 49152 27360
390 0.020539 28672 280800.0104584 53248 28080
400 0.0198021 32768 288000.0112976 53248 28800
410 0.0197734 32768 295200.0106306 53248 29520
420 0.0219706 32768 302400.0113098 57344 30240
430 0.0246832 32768 309600.0121151 57344 30960
440 0.0237274 32768 316800.010112 57344 31680
450 0.0241854 36864 324000.0113188 61440 32400
460 0.0289613 36864 331200.0110245 61440 33120
470 0.0416425 36864 338400.0202586 61440 33840
480 0.0305518 36864 345600.0123082 61440 34560
490 0.0303944 36864 352800.0121318 65536 35280
500 0.0322287 36864 360000.0188015 65536 36000
510 0.0366457 40960 367200.013061 65536 36720
520 0.0334318 40960 374400.0137481 69632 37440
530 0.0375184 40960 381600.0142429 69632 38160
540 0.0358498 40960 388800.015939 69632 38880
550 0.0389909 40960 396000.0130602 73728 39600
560 0.0368681 40960 403200.0125953 73728 40320
570 0.0367563 45056 410400.0120713 73728 41040
580 0.0400886 45056 417600.0124594 77824 41760
590 0.0364191 45056 424800.0120678 77824 42480
600 0.0364299 45056 432000.0125949 77824 43200
610 0.0422952 45056 439200.0125374 81920 43920
620 0.0434115 49152 446400.0173113 81920 44640
630 0.0408562 49152 453600.0171531 81920 45360
640 0.0433576 49152 460800.0132802 81920 46080
650 0.0521459 49152 468000.0145238 86016 46800
660 0.0466345 49152 475200.0137849 86016 47520
670 0.049901 49152 482400.0149363 86016 48240
680 0.0508741 53248 489600.0161237 90112 48960
690 0.0583527 53248 496800.0156952 90112 49680
700 0.0579519 53248 504000.0155823 90112 50400
710 0.0558329 53248 511200.0173684 94208 51120
720 0.0625531 53248 518400.0163443 94208 51840
730 0.0569861 57344 525600.0164962 94208 52560
740 0.0587866 57344 532800.016563 98304 53280
750 0.0594701 57344 540000.0184519 98304 54000
760 0.0613038 57344 547200.0179163 98304 54720
770 0.0652176 57344 554400.0198645 102400 55440
780 0.0678776 57344 561600.0194049 102400 56160
790 0.06627 61440 568800.0200321 102400 56880
800 0.071786 61440 576000.0214304 102400 57600
810 0.0717006 61440 583200.0201647 106496 58320
820 0.0711958 61440 590400.0205236 106496 59040
830 0.074912 61440 597600.0202414 106496 59760
840 0.0785428 61440 604800.0216928 110592 60480
850 0.0909284 65536 612000.0215162 110592 61200
860 0.0875312 65536 619200.0281547 110592 61920
870 0.0978847 65536 626400.0239764 114688 62640
880 0.0994369 65536 633600.0282127 114688 63360
890 0.0913459 65536 640800.0266278 114688 64080
900 0.102823 69632 648000.0266035 118784 64800
910 0.0944072 69632 655200.0258802 118784 65520
920 0.104147 69632 662400.0305207 118784 66240
930 0.10223 69632 669600.0290178 122880 66960
940 0.108387 69632 676800.0274761 122880 67680
950 0.110356 69632 684000.0337617 122880 68400
960 0.115442 73728 691200.0276104 122880 69120
970 0.13241 73728 698400.040958 126976 69840
980 0.129456 73728 705600.0313955 126976 70560
990 0.120168 73728 712800.0316583 126976 71280
1000 0.121138 73728 720000.0407656 131072 72000
1010 0.13274 77824 727200.0293763 131072 72720
1020 0.113744 77824 734400.0287729 131072 73440
1030 0.113434 77824 741600.0291204 135168 74160
1040 0.126183 77824 748800.0373196 135168 74880
1050 0.130471 77824 756000.0366731 135168 75600
1060 0.132801 77824 763200.0373967 139264 76320
1070 0.130328 81920 770400.0315139 139264 77040
1080 0.131038 81920 777600.0337969 139264 77760
1090 0.136946 81920 784800.0381217 143360 78480
1100 0.143973 81920 792000.0333828 143360 79200
1110 0.143957 81920 799200.0307299 143360 79920
1120 0.144183 81920 806400.0300916 143360 80640
1130 0.14742 86016 813600.0295772 147456 81360
1140 0.152369 86016 820800.0316114 147456 82080
1150 0.15067 86016 828000.0301663 147456 82800
1160 0.156155 86016 835200.0367179 151552 83520
1170 0.161009 86016 842400.0339529 151552 84240
1180 0.173587 90112 849600.0397199 151552 84960
1190 0.17019 90112 856800.0338586 155648 85680
1200 0.184554 90112 864000.0359551 155648 86400
1210 0.192782 90112 871200.143636 155648 87120
1220 0.329392 90112 878400.0628666 159744 87840
1230 0.271369 90112 885600.0371222 159744 88560
1240 0.215027 94208 892800.0361492 159744 89280
1250 0.177941 94208 900000.03558 163840 90000
1260 0.175481 94208 907200.0381328 163840 90720
1270 0.193166 94208 914400.0471981 163840 91440
1280 0.192943 94208 921600.0390314 163840 92160
1290 0.191802 98304 928800.0395587 167936 92880
1300 0.194717 98304 936000.0383685 167936 93600
1310 0.197702 98304 943200.043291 167936 94320
1320 0.210436 98304 950400.0420222 172032 95040
1330 0.237742 98304 957600.0423673 172032 95760
1340 0.220584 98304 964800.0451493 172032 96480
1350 0.227917 102400 972000.0467783 176128 97200
1360 0.222694 102400 979200.0486078 176128 97920
1370 0.232528 102400 986400.0461331 176128 98640
1380 0.237066 102400 993600.0466009 180224 99360
1390 0.237138 102400 1000800.0481679 180224 100080
1400 0.250403 102400 1008000.0491173 180224 100800
1410 0.253445 106496 1015200.0502978 184320 101520
1420 0.236436 106496 1022400.0483181 184320 102240
1430 0.248812 106496 1029600.0479444 184320 102960
1440 0.248129 106496 1036800.0497973 184320 103680
1450 0.255771 106496 1044000.0488588 188416 104400
1460 0.253419 110592 1051200.0546908 188416 105120
1470 0.265953 110592 1058400.0682297 188416 105840
1480 0.277462 110592 1065600.0569287 192512 106560
1490 0.293422 110592 1072800.0625561 192512 107280
1500 0.288309 110592 1080000.0538541 192512 108000
1510 0.288711 110592 1087200.0541141 196608 108720
1520 0.424741 114688 1094400.0734097 196608 109440
1530 0.38149 114688 1101600.057091 196608 110160
1540 0.273388 114688 1108800.0534989 200704 110880
1550 0.305479 114688 1116000.053897 200704 111600
1560 0.278965 114688 1123200.0633439 200704 112320
1570 0.296126 118784 1130400.0571407 204800 113040
1580 0.294722 118784 1137600.0606225 204800 113760
1590 0.309539 118784 1144800.0676621 204800 114480
1600 0.301892 118784 1152000.0623558 204800 115200
1610 0.324566 118784 1159200.0630973 208896 115920
1620 0.333156 118784 1166400.066273 208896 116640
1630 0.367856 122880 1173600.0751855 208896 117360
1640 0.353592 122880 1180800.0724868 212992 118080
1650 0.351728 122880 1188000.0687165 212992 118800
1660 0.352446 122880 1195200.0636603 212992 119520
1670 0.342946 122880 1202400.069245 217088 120240
1680 0.362846 122880 1209600.0636241 217088 120960
1690 0.355866 126976 1216800.067566 217088 121680
1700 0.365856 126976 1224000.077164 221184 122400
1710 0.373564 126976 1231200.0728433 221184 123120
1720 0.394244 126976 1238400.076848 221184 123840
1730 0.37703 126976 1245600.0728192 225280 124560
1740 0.390621 131072 1252800.0764899 225280 125280
1750 0.379606 131072 1260000.0727056 225280 126000
1760 0.405244 131072 1267200.0736706 225280 126720
1770 0.379108 131072 1274400.0756525 229376 127440
1780 0.423044 131072 1281600.0797727 229376 128160
1790 0.386393 131072 1288800.0762247 229376 128880
1800 0.395338 135168 1296000.0753785 233472 129600
1810 0.402939 135168 1303200.0798281 233472 130320
1820 0.399886 135168 1310400.076547 233472 131040
1830 0.434016 135168 1317600.0832653 237568 131760
1840 0.420278 135168 1324800.081696 237568 132480
1850 0.447566 139264 1332000.0879737 237568 133200
1860 0.462298 139264 1339200.0825168 241664 133920
1870 0.459869 139264 1346400.0865086 241664 134640
1880 0.520286 139264 1353600.111837 241664 135360
1890 0.460856 139264 1360800.0854454 245760 136080
1900 0.445163 139264 1368000.0865831 245760 136800
1910 0.487747 143360 1375200.0881815 245760 137520
1920 0.454279 143360 1382400.0866232 245760 138240
1930 0.467531 143360 1389600.102812 249856 138960
1940 0.466211 143360 1396800.0876866 249856 139680
1950 0.453374 143360 1404000.0868002 249856 140400
1960 0.467155 143360 1411200.0909271 253952 141120
1970 0.489859 147456 1418400.0911013 253952 141840
1980 0.528219 147456 1425600.10858 253952 142560
1990 0.55354 147456 1432800.118088 258048 143280
2000 0.477753 147456 1440000.0896765 258048 144000
2010 0.507478 147456 1447200.0971826 258048 144720
2020 0.820314 151552 1454400.134212 262144 145440
2030 0.540042 151552 1461600.121304 262144 146160
2040 0.508049 151552 1468800.123464 262144 146880
2050 0.585622 151552 1476000.0935126 266240 147600
2060 0.530439 151552 1483200.103855 266240 148320
2070 0.533068 151552 1490400.0990698 266240 149040
2080 0.564823 155648 1497600.106295 266240 149760
2090 0.572857 155648 1504800.104347 270336 150480
2100 0.545146 155648 1512000.104299 270336 151200
2110 0.554487 155648 1519200.105462 270336 151920
2120 0.57024 155648 1526400.104909 274432 152640
2130 0.60907 159744 1533600.120482 274432 153360
2140 0.565225 159744 1540800.10572 274432 154080
2150 0.572858 159744 1548000.109912 278528 154800
2160 0.577605 159744 1555200.109913 278528 155520
2170 0.588653 159744 1562400.116224 278528 156240
2180 0.595097 159744 1569600.114517 282624 156960
2190 0.600553 163840 1576800.118718 282624 157680
2200 0.598604 163840 1584000.119643 282624 158400
2210 0.606697 163840 1591200.113035 286720 159120
2220 0.609419 163840 1598400.11743 286720 159840
2230 0.619643 163840 1605600.117868 286720 160560
2240 0.624316 163840 1612800.118112 286720 161280
2250 0.633553 167936 1620000.121213 290816 162000
2260 0.637285 167936 1627200.126241 290816 162720
2270 0.641385 167936 1634400.121426 290816 163440
2280 0.643472 167936 1641600.125303 294912 164160
2290 0.650183 167936 1648800.139042 294912 164880
2300 0.991405 172032 1656000.137396 294912 165600
2310 0.664314 172032 1663200.126952 299008 166320
2320 0.701767 172032 1670400.13291 299008 167040
2330 0.702812 172032 1677600.140873 299008 167760
2340 0.707268 172032 1684800.125059 303104 168480
2350 0.689972 172032 1692000.127549 303104 169200
2360 0.690076 176128 1699200.103089 303104 169920
2370 0.694214 176128 1706400.104813 307200 170640
2380 0.707304 176128 1713600.10315 307200 171360
2390 0.735999 176128 1720800.106368 307200 172080
2400 0.726954 176128 1728000.104627 307200 172800
2410 0.724485 180224 1735200.110358 311296 173520
2420 0.730474 180224 1742400.11145 311296 174240
2430 0.743484 180224 1749600.110021 311296 174960
2440 0.74853 180224 1756800.106029 315392 175680
2450 0.74809 180224 1764000.111998 315392 176400
2460 0.76714 180224 1771200.111883 315392 177120
2470 0.767934 184320 1778400.111711 319488 177840
2480 0.781254 184320 1785600.113236 319488 178560
2490 0.822052 184320 1792800.116017 319488 179280
2500 0.805302 184320 1800000.115389 323584 180000
2510 0.799274 184320 1807200.117241 323584 180720
2520 0.804786 184320 1814400.124102 323584 181440
2530 0.815349 188416 1821600.1201 327680 182160
2540 0.834406 188416 1828800.124765 327680 182880
2550 0.829697 188416 1836000.127439 327680 183600
2560 0.870892 188416 1843200.131876 327680 184320
2570 1.28253 188416 1850400.144642 331776 185040
2580 0.852623 192512 1857600.126728 331776 185760
2590 0.86922 192512 1864800.131526 331776 186480
2600 0.864913 192512 1872000.13234 335872 187200
2610 0.890807 192512 1879200.140156 335872 187920
2620 0.905291 192512 1886400.13677 335872 188640
2630 0.882191 192512 1893600.13064 339968 189360
2640 0.885109 196608 1900800.133438 339968 190080
2650 0.90071 196608 1908000.133444 339968 190800
2660 0.916816 196608 1915200.135672 344064 191520
2670 0.906142 196608 1922400.134773 344064 192240
2680 0.927268 196608 1929600.138823 344064 192960
2690 0.92468 200704 1936800.138708 348160 193680
2700 0.924469 200704 1944000.139942 348160 194400
2710 0.952641 200704 1951200.165007 348160 195120
2720 0.953921 200704 1958400.145908 348160 195840
2730 0.953865 200704 1965600.14384 352256 196560
2740 0.972144 200704 1972800.14612 352256 197280
2750 0.974608 204800 1980000.147829 352256 198000
2760 0.977564 204800 1987200.151594 356352 198720
2770 0.990835 204800 1994400.153923 356352 199440
2780 1.38311 204800 2001600.169811 356352 200160
2790 1.042 204800 2008800.151 360448 200880
2800 1.04136 204800 2016000.157449 360448 201600
2810 1.06264 208896 2023200.16641 360448 202320
2820 1.05684 208896 2030400.16321 364544 203040
2830 1.03904 208896 2037600.167242 364544 203760
2840 1.06921 208896 2044800.159637 364544 204480
2850 1.04925 208896 2052000.16126 368640 205200
2860 1.06221 212992 2059200.163486 368640 205920
2870 1.06611 212992 2066400.163531 368640 206640
2880 1.07328 212992 2073600.161052 368640 207360
2890 1.08592 212992 2080800.165342 372736 208080
2900 1.09177 212992 2088000.168648 372736 208800
2910 1.11497 212992 2095200.167155 372736 209520
2920 1.11857 217088 2102400.171319 376832 210240
2930 1.12238 217088 2109600.173397 376832 210960
2940 1.13159 217088 2116800.172733 376832 211680
2950 1.13915 217088 2124000.178218 380928 212400
2960 1.13366 217088 2131200.175 380928 213120
2970 1.49306 221184 2138400.201093 380928 213840
2980 1.18218 221184 2145600.18465 385024 214560
2990 1.1712 221184 2152800.18339 385024 215280
3000 1.1765 221184 2160000.180304 385024 216000
3010 1.17075 221184 2167200.183965 389120 216720
3020 1.19947 221184 2174400.191045 389120 217440
3030 1.19563 225280 2181600.182973 389120 218160
3040 1.20558 225280 2188800.183166 389120 218880
3050 1.22987 225280 2196000.186157 393216 219600
3060 1.20555 225280 2203200.193255 393216 220320
3070 1.24192 225280 2210400.191348 393216 221040
3080 1.23951 225280 2217600.195695 397312 221760
3090 1.26508 229376 2224800.19295 397312 222480
3100 1.25865 229376 2232000.191852 397312 223200
3110 1.2901 229376 2239200.196344 401408 223920
3120 1.29109 229376 2246400.201217 401408 224640
3130 1.30047 229376 2253600.196121 401408 225360
3140 1.3063 233472 2260800.201819 405504 226080
3150 1.31007 233472 2268000.200812 405504 226800
3160 1.31127 233472 2275200.204151 405504 227520
3170 1.33822 233472 2282400.204854 409600 228240
3180 1.33159 233472 2289600.205276 409600 228960
3190 1.33508 233472 2296800.202365 409600 229680
3200 1.34497 237568 2304000.20714 409600 230400
3210 1.35278 237568 2311200.208443 413696 231120
3220 1.35826 237568 2318400.213048 413696 231840
3230 1.37651 237568 2325600.217445 413696 232560
3240 1.3926 237568 2332800.20963 417792 233280
3250 1.40148 241664 2340000.227465 417792 234000
3260 1.41295 241664 2347200.213893 417792 234720
3270 1.42726 241664 2354400.217527 421888 235440
3280 1.41608 241664 2361600.217327 421888 236160
3290 1.71498 241664 2368800.225142 421888 236880
3300 1.85285 241664 2376000.312521 425984 237600
3310 1.44289 245760 2383200.333869 425984 238320
3320 1.54368 245760 2390400.225053 425984 239040
3330 1.49834 245760 2397600.246855 430080 239760
3340 1.53892 245760 2404800.239939 430080 240480
3350 1.50342 245760 2412000.225913 430080 241200
3360 1.7032 245760 2419200.227627 430080 241920
3370 1.55377 249856 2426400.220374 434176 242640
3380 1.56152 249856 2433600.232811 434176 243360
3390 1.59573 249856 2440800.238395 434176 244080
3400 1.61787 249856 2448000.257118 438272 244800
3410 1.59651 249856 2455200.237293 438272 245520
3420 1.57439 253952 2462400.244213 438272 246240
3430 1.85032 253952 2469600.248211 442368 246960
3440 1.56282 253952 2476800.242504 442368 247680
3450 1.58514 253952 2484000.243541 442368 248400
3460 1.58519 253952 2491200.24395 446464 249120
3470 1.62527 253952 2498400.277918 446464 249840
3480 1.93536 258048 2505600.265101 446464 250560
3490 1.66019 258048 2512800.248128 450560 251280
3500 1.61771 258048 2520000.258801 450560 252000
3510 1.6235 258048 2527200.258987 450560 252720
3520 1.64546 258048 2534400.255828 450560 253440
3530 1.67049 262144 2541600.256298 454656 254160
3540 1.66543 262144 2548800.263737 454656 254880
3550 1.67612 262144 2556000.256902 454656 255600
3560 1.69073 262144 2563200.262984 458752 256320
3570 1.6951 262144 2570400.265219 458752 257040
3580 1.71923 262144 2577600.268867 458752 257760
3590 2.06913 266240 2584800.274126 462848 258480
3600 1.78517 266240 2592000.271703 462848 259200
3610 1.73007 266240 2599200.279383 462848 259920
3620 1.73407 266240 2606400.272326 466944 260640
3630 1.75687 266240 2613600.278425 466944 261360
3640 1.76039 266240 2620800.27465 466944 262080
3650 1.773 270336 2628000.280619 471040 262800
3660 2.05221 270336 2635200.27425 471040 263520
3670 1.83286 270336 2642400.28182 471040 264240
3680 1.80306 270336 2649600.281498 471040 264960
3690 1.81174 270336 2656800.281311 475136 265680
3700 1.81484 274432 2664000.331035 475136 266400
3710 1.97044 274432 2671200.303258 475136 267120
3720 1.92504 274432 2678400.290296 479232 267840
3730 1.88842 274432 2685600.289575 479232 268560
3740 2.06897 274432 2692800.296377 479232 269280
3750 1.87934 274432 2700000.284984 483328 270000
3760 1.86563 278528 2707200.286284 483328 270720
3770 1.88014 278528 2714400.290908 483328 271440
3780 1.87519 278528 2721600.291535 487424 272160
3790 1.90214 278528 2728800.295282 487424 272880
3800 1.8983 278528 2736000.293509 487424 273600
3810 1.91561 282624 2743200.303078 491520 274320
3820 2.08451 282624 2750400.511492 491520 275040
3830 2.04462 282624 2757600.307556 491520 275760
3840 1.95559 282624 2764800.309024 491520 276480
3850 1.96909 282624 2772000.308655 495616 277200
3860 2.01574 282624 2779200.308846 495616 277920
3870 1.995 286720 2786400.312738 495616 278640
3880 2.0434 286720 2793600.327467 499712 279360
3890 2.01972 286720 2800800.316298 499712 280080
3900 2.0348 286720 2808000.317207 499712 280800
3910 2.07543 286720 2815200.370282 503808 281520
3920 2.32203 286720 2822400.347507 503808 282240
3930 2.0603 290816 2829600.326719 503808 282960
3940 2.06962 290816 2836800.32783 507904 283680
3950 2.08866 290816 2844000.327526 507904 284400
3960 2.08257 290816 2851200.327042 507904 285120
3970 2.10286 290816 2858400.32985 512000 285840
3980 2.13631 294912 2865600.346556 512000 286560
3990 2.12979 294912 2872800.336485 512000 287280
4000 2.1244 294912 2880000.337926 512000 288000
4010 2.29154 294912 2887200.367648 516096 288720
4020 2.19292 294912 2894400.449199 516096 289440
4030 2.35807 294912 2901600.351851 516096 290160
4040 2.19161 299008 2908800.342335 520192 290880
4050 2.18479 299008 2916000.347503 520192 291600
4060 2.19666 299008 2923200.346969 520192 292320
4070 2.21235 299008 2930400.350232 524288 293040
4080 2.26523 299008 2937600.352269 524288 293760
4090 2.24782 303104 2944800.345535 524288 294480
4100 2.26357 303104 2952000.351036 528384 295200
4110 2.21442 303104 2959200.349454 528384 295920
4120 2.27923 303104 2966400.359922 528384 296640
4130 2.26873 303104 2973600.353277 532480 297360
4140 2.28129 303104 2980800.373994 532480 298080
4150 2.2977 307200 2988000.359538 532480 298800
4160 2.30194 307200 2995200.369273 532480 299520
4170 2.34575 307200 3002400.365729 536576 300240
4180 2.34575 307200 3009600.377548 536576 300960
4190 2.34177 307200 3016800.367751 536576 301680
4200 2.37011 307200 3024000.38326 540672 302400
4210 2.36435 311296 3031200.387767 540672 303120
4220 2.51233 311296 3038400.432711 540672 303840
4230 2.67135 311296 3045600.370741 544768 304560
4240 2.4589 311296 3052800.392656 544768 305280
4250 2.44112 311296 3060000.391168 544768 306000
4260 2.48168 315392 3067200.386404 548864 306720
4270 2.45322 315392 3074400.389675 548864 307440
4280 2.43894 315392 3081600.3859 548864 308160
4290 2.48064 315392 3088800.39167 552960 308880
4300 2.82686 315392 3096000.392084 552960 309600
4310 2.46825 315392 3103200.397544 552960 310320
4320 2.60688 319488 3110400.400317 552960 311040
4330 2.48676 319488 3117600.405648 557056 311760
4340 2.47569 319488 3124800.41184 557056 312480
4350 2.59078 319488 3132000.426258 557056 313200
4360 2.50787 319488 3139200.397448 561152 313920
4370 2.87515 323584 3146400.3963 561152 314640
4380 2.52982 323584 3153600.40251 561152 315360
4390 2.58621 323584 3160800.419906 565248 316080
4400 2.64727 323584 3168000.414977 565248 316800
4410 2.60507 323584 3175200.416496 565248 317520
4420 2.65001 323584 3182400.430918 569344 318240
4430 3.0483 327680 3189600.435264 569344 318960
4440 2.70793 327680 3196800.449333 569344 319680
4450 2.64693 327680 3204000.41794 573440 320400
4460 2.67049 327680 3211200.428206 573440 321120
4470 2.65926 327680 3218400.426 573440 321840
4480 2.68176 327680 3225600.429543 573440 322560
4490 2.6967 331776 3232800.429432 577536 323280
4500 3.08764 331776 3240000.458611 577536 324000
4510 2.72222 331776 3247200.439752 577536 324720
4520 2.74992 331776 3254400.429989 581632 325440
4530 2.74915 331776 3261600.433779 581632 326160
4540 2.74878 335872 3268800.440665 581632 326880
4550 2.79739 335872 3276000.535441 585728 327600
4560 3.00467 335872 3283200.448505 585728 328320
4570 2.80325 335872 3290400.444978 585728 329040
4580 2.80702 335872 3297600.45001 589824 329760
4590 2.83362 335872 3304800.453124 589824 330480
4600 2.80891 339968 3312000.450133 589824 331200
4610 3.20002 339968 3319200.445101 593920 331920
4620 2.93609 339968 3326400.458686 593920 332640
4630 2.86145 339968 3333600.46513 593920 333360
4640 2.87973 339968 3340800.465629 593920 334080
4650 2.90897 344064 3348000.471098 598016 334800
4660 2.91535 344064 3355200.463037 598016 335520
4670 2.94217 344064 3362400.472251 598016 336240
4680 2.96522 344064 3369600.47244 602112 336960
4690 3.05525 344064 3376800.468776 602112 337680
4700 3.10039 344064 3384000.487727 602112 338400
4710 2.97742 348160 3391200.480641 606208 339120
4720 3.27061 348160 3398400.498218 606208 339840
4730 3.05763 348160 3405600.474603 606208 340560
4740 3.02291 348160 3412800.481613 610304 341280
4750 3.03002 348160 3420000.516163 610304 342000
4760 3.17808 348160 3427200.497112 610304 342720
4770 3.05992 352256 3434400.48302 614400 343440
4780 3.10273 352256 3441600.482966 614400 344160
4790 3.04958 352256 3448800.490498 614400 344880
4800 3.11099 352256 3456000.492759 614400 345600
4810 3.1162 352256 3463200.49389 618496 346320
4820 3.27073 356352 3470400.49833 618496 347040
4830 3.1354 356352 3477600.499509 618496 347760
4840 3.31917 356352 3484800.542238 622592 348480
4850 3.31564 356352 3492000.569017 622592 349200
4860 3.35741 356352 3499200.563828 622592 349920
4870 3.22722 356352 3506400.508909 626688 350640
4880 3.27967 360448 3513600.508693 626688 351360
4890 3.22004 360448 3520800.517972 626688 352080
4900 3.27692 360448 3528000.511595 630784 352800
4910 3.5862 360448 3535200.562159 630784 353520
4920 3.80612 360448 3542400.669552 630784 354240
4930 3.48824 364544 3549600.525774 634880 354960
4940 3.38075 364544 3556800.611558 634880 355680
4950 3.47279 364544 3564000.56899 634880 356400
4960 3.67992 364544 3571200.716131 634880 357120
4970 3.64274 364544 3578400.841089 638976 357840
4980 3.63692 364544 3585600.652652 638976 358560
4990 3.80558 368640 3592800.635754 638976 359280
5000 3.76179 368640 3600000.604488 643072 360000
5010 3.68479 368640 3607200.59903 643072 360720
5020 3.61258 368640 3614400.60436 643072 361440
5030 3.57837 368640 3621600.619972 647168 362160
5040 3.98546 368640 3628800.623047 647168 362880
5050 3.78173 372736 3636000.566848 647168 363600
5060 3.78859 372736 3643200.573421 651264 364320
5070 3.6441 372736 3650400.796837 651264 365040
5080 3.79261 372736 3657600.606242 651264 365760
5090 4.11892 372736 3664800.458692 655360 366480
5100 3.88195 376832 3672000.442241 655360 367200
5110 3.74932 376832 3679200.456333 655360 367920
5120 3.75028 376832 3686400.468285 655360 368640
5130 4.17455 376832 3693600.50387 659456 369360
5140 4.07253 376832 3700800.529484 659456 370080
5150 3.98259 376832 3708000.639666 659456 370800
5160 3.92783 380928 3715200.486932 663552 371520
5170 4.04849 380928 3722400.541424 663552 372240
5180 4.1014 380928 3729600.469396 663552 372960
5190 4.4738 380928 3736800.495033 667648 373680
5200 4.08139 380928 3744000.469523 667648 374400
5210 3.94084 385024 3751200.522473 667648 375120
5220 4.05435 385024 3758400.469324 671744 375840
5230 3.98776 385024 3765600.54315 671744 376560
5240 3.95324 385024 3772800.490441 671744 377280
5250 4.22465 385024 3780000.522824 675840 378000
5260 4.12935 385024 3787200.50053 675840 378720
5270 4.20887 389120 3794400.49939 675840 379440
5280 4.09573 389120 3801600.514938 675840 380160
5290 4.55969 389120 3808800.525214 679936 380880
5300 4.80427 389120 3816000.522197 679936 381600
5310 4.24617 389120 3823200.502332 679936 382320
5320 4.18804 389120 3830400.505579 684032 383040
5330 4.27569 393216 3837600.522146 684032 383760
5340 4.15255 393216 3844800.564219 684032 384480
5350 4.22975 393216 3852000.515934 688128 385200
5360 4.13142 393216 3859200.519656 688128 385920
5370 4.44156 393216 3866400.790612 688128 386640
5380 4.35967 397312 3873600.556324 692224 387360
5390 4.4778 397312 3880800.566083 692224 388080
5400 4.82925 397312 3888000.501959 692224 388800
5410 4.30521 397312 3895200.517275 696320 389520
5420 4.34903 397312 3902400.545676 696320 390240
5430 4.54321 397312 3909600.570527 696320 390960
5440 4.57213 401408 3916800.575813 696320 391680
5450 4.99057 401408 3924000.548515 700416 392400
5460 4.30005 401408 3931200.556856 700416 393120
5470 4.53621 401408 3938400.536132 700416 393840
5480 4.49065 401408 3945600.572741 704512 394560
5490 4.61122 405504 3952800.597881 704512 395280
5500 4.47281 405504 3960000.652385 704512 396000
5510 4.87347 405504 3967200.586721 708608 396720
5520 4.58831 405504 3974400.604669 708608 397440
5530 4.63033 405504 3981600.573967 708608 398160
5540 4.68142 405504 3988800.742552 712704 398880
5550 5.00091 409600 3996000.562916 712704 399600
5560 4.60246 409600 4003200.579796 712704 400320
5570 4.63703 409600 4010400.57337 716800 401040
5580 4.76681 409600 4017600.600509 716800 401760
5590 4.79166 409600 4024800.807721 716800 402480
5600 4.76638 409600 4032000.568168 716800 403200
5610 4.90823 413696 4039200.715762 720896 403920
5620 4.90179 413696 4046400.680356 720896 404640
5630 4.90584 413696 4053600.54628 720896 405360
5640 5.33904 413696 4060800.576587 724992 406080
5650 5.10695 413696 4068000.653804 724992 406800
5660 4.85936 417792 4075200.66435 724992 407520
5670 4.93977 417792 4082400.583859 729088 408240
5680 4.99991 417792 4089600.689006 729088 408960
5690 5.02206 417792 4096800.598113 729088 409680
5700 4.93038 417792 4104000.628596 733184 410400
5710 4.79801 417792 4111200.60802 733184 411120
5720 4.91142 421888 4118400.601493 733184 411840
5730 5.03743 421888 4125600.614774 737280 412560
5740 5.27565 421888 4132800.949868 737280 413280
5750 5.82023 421888 4140000.738646 737280 414000
5760 5.14472 421888 4147200.757655 737280 414720
5770 5.36268 425984 4154400.572292 741376 415440
5780 5.03077 425984 4161600.697406 741376 416160
5790 5.96241 425984 4168800.695562 741376 416880
5800 5.31532 425984 4176000.682343 745472 417600
5810 5.25394 425984 4183200.676248 745472 418320
5820 5.16551 425984 4190400.608546 745472 419040
5830 5.46133 430080 4197600.670171 749568 419760
5840 5.1827 430080 4204800.679186 749568 420480
5850 4.97195 430080 4212000.589148 749568 421200
5860 5.17632 430080 4219200.605226 753664 421920
5870 5.28373 430080 4226400.715302 753664 422640
5880 5.09936 430080 4233600.644171 753664 423360
5890 5.28888 434176 4240800.716941 757760 424080
5900 5.15515 434176 4248000.77422 757760 424800
5910 5.52669 434176 4255200.707207 757760 425520
5920 6.0267 434176 4262400.625279 757760 426240
5930 5.16861 434176 4269600.83135 761856 426960
5940 5.09364 438272 4276800.638861 761856 427680
5950 5.44164 438272 4284000.800822 761856 428400
5960 5.46097 438272 4291200.699072 765952 429120
5970 5.35962 438272 4298401.18006 765952 429840
5980 6.11244 438272 4305600.824377 765952 430560
5990 5.44723 438272 4312800.851703 770048 431280
6000 5.47128 442368 4320000.682707 770048 432000
6010 5.29584 442368 4327200.841208 770048 432720
6020 5.51205 442368 4334400.644544 774144 433440
6030 5.09 442368 4341600.66541 774144 434160
6040 5.26219 442368 4348800.825066 774144 434880
6050 5.333 446464 4356000.729349 778240 435600
6060 5.40335 446464 4363200.66278 778240 436320
6070 6.09073 446464 4370400.793343 778240 437040
6080 5.59559 446464 4377601.30385 778240 437760
6090 5.71134 446464 4384800.80158 782336 438480
6100 5.53637 446464 4392000.779194 782336 439200
6110 5.69461 450560 4399200.754127 782336 439920
6120 5.56878 450560 4406400.697641 786432 440640
6130 5.49272 450560 4413600.989455 786432 441360
6140 5.89464 450560 4420800.817208 786432 442080
6150 5.64974 450560 4428000.97463 790528 442800
6160 5.85676 450560 4435200.883737 790528 443520
6170 5.86514 454656 4442400.764542 790528 444240
6180 5.8339 454656 4449600.951266 794624 444960
6190 5.5291 454656 4456800.673667 794624 445680
6200 5.32507 454656 4464000.730572 794624 446400
6210 5.52034 454656 4471200.716882 798720 447120
6220 5.80929 458752 4478401.17755 798720 447840
6230 5.95991 458752 4485600.857609 798720 448560
6240 5.96545 458752 4492800.830802 798720 449280
6250 5.68127 458752 4500000.740214 802816 450000
6260 6.08014 458752 4507200.842461 802816 450720
6270 6.00696 458752 4514400.956498 802816 451440
6280 6.14344 462848 4521600.904455 806912 452160
6290 6.44587 462848 4528800.847822 806912 452880
6300 6.12421 462848 4536000.805135 806912 453600
6310 6.40788 462848 4543200.766697 811008 454320
6320 6.34327 462848 4550400.8443 811008 455040
6330 5.98055 466944 4557601.01865 811008 455760
6340 6.36478 466944 4564800.878114 815104 456480
6350 6.6488 466944 4572000.908317 815104 457200
6360 6.28939 466944 4579200.80351 815104 457920
6370 6.3654 466944 4586400.884657 819200 458640
6380 6.27074 466944 4593600.867224 819200 459360
6390 6.47149 471040 4600800.823724 819200 460080
6400 6.15653 471040 4608000.879021 819200 460800
6410 6.57061 471040 4615200.872626 823296 461520
6420 6.15691 471040 4622400.81262 823296 462240
6430 6.209 471040 4629600.891391 823296 462960
6440 6.28326 471040 4636801.11419 827392 463680
6450 6.81496 475136 4644000.794451 827392 464400
6460 6.55878 475136 4651200.964845 827392 465120
6470 7.12727 475136 4658400.95308 831488 465840
6480 6.87521 475136 4665601.05583 831488 466560
6490 6.91302 475136 4672800.872108 831488 467280
6500 7.71062 479232 4680001.25135 835584 468000
6510 8.37227 479232 4687200.922924 835584 468720
6520 8.62523 479232 4694400.787479 835584 469440
6530 6.46809 479232 4701600.941675 839680 470160
6540 6.31487 479232 4708800.843567 839680 470880
6550 6.30764 479232 4716000.832244 839680 471600
6560 6.49398 483328 4723200.997529 839680 472320
6570 6.85645 483328 4730400.89457 843776 473040
6580 6.79959 483328 4737600.874483 843776 473760
6590 6.87459 483328 4744800.867511 843776 474480
6600 6.83501 483328 4752000.905651 847872 475200
6610 6.76171 487424 4759200.892303 847872 475920
6620 6.73196 487424 4766400.941005 847872 476640
6630 6.55539 487424 4773600.872476 851968 477360
6640 6.95858 487424 4780801.10514 851968 478080
6650 6.61113 487424 4788000.884217 851968 478800
6660 6.47746 487424 4795200.879119 856064 479520
6670 6.92578 491520 4802400.888976 856064 480240
6680 6.57953 491520 4809600.881744 856064 480960
6690 6.56782 491520 4816800.8869 860160 481680
6700 6.55533 491520 4824000.895752 860160 482400
6710 6.64352 491520 4831201.07815 860160 483120
6720 7.23069 491520 4838400.952337 860160 483840
6730 6.86188 495616 4845600.968956 864256 484560
6740 7.04646 495616 4852800.98126 864256 485280
6750 6.75002 495616 4860000.914865 864256 486000
6760 6.77046 495616 4867201.27296 868352 486720
6770 6.82215 495616 4874400.89951 868352 487440
6780 7.02369 499712 4881600.966512 868352 488160
6790 6.72227 499712 4888800.917757 872448 488880
6800 7.27529 499712 4896000.908362 872448 489600
6810 6.77015 499712 4903200.916436 872448 490320
6820 7.214 499712 4910400.951468 876544 491040
6830 6.99954 499712 4917600.977534 876544 491760
6840 6.98024 503808 4924800.964381 876544 492480
6850 7.47596 503808 4932000.966981 880640 493200
6860 7.16892 503808 4939201.09441 880640 493920
6870 7.26312 503808 4946401.08574 880640 494640
6880 7.50411 503808 4953601.0319 880640 495360
6890 7.29665 507904 4960801.0301 884736 496080
6900 7.25166 507904 4968001.12419 884736 496800
6910 7.79629 507904 4975201.03963 884736 497520
6920 7.33132 507904 4982400.97403 888832 498240
6930 7.19689 507904 4989600.992098 888832 498960
6940 7.21934 507904 4996801.043 888832 499680
6950 7.25353 512000 5004001.04201 892928 500400
6960 7.85273 512000 5011201.01283 892928 501120
6970 7.32471 512000 5018401.01338 892928 501840
6980 7.38209 512000 5025601.03338 897024 502560
6990 7.35592 512000 5032801.03721 897024 503280
7000 7.64028 512000 5040001.07012 897024 504000
7010 7.56028 516096 5047201.03122 901120 504720
7020 7.52645 516096 5054401.0368 901120 505440
7030 7.52281 516096 5061601.15447 901120 506160
7040 7.60756 516096 5068801.15077 901120 506880
7050 7.48467 516096 5076001.11333 905216 507600
7060 9.40623 520192 5083201.2322 905216 508320
7070 8.18613 520192 5090401.03214 905216 509040
7080 7.72459 520192 5097601.04445 909312 509760
7090 7.4536 520192 5104801.0237 909312 510480
7100 7.6802 520192 5112001.02568 909312 511200
7110 7.55775 520192 5119201.10305 913408 511920
7120 7.59763 524288 5126401.0665 913408 512640
7130 7.66649 524288 5133601.02093 913408 513360
7140 8.4976 524288 5140801.29266 917504 514080
7150 8.7638 524288 5148001.12003 917504 514800
7160 8.20089 524288 5155201.31495 917504 515520
7170 8.42058 528384 5162401.36188 921600 516240
7180 8.26955 528384 5169601.39177 921600 516960
7190 7.8919 528384 5176801.20339 921600 517680
7200 7.80242 528384 5184001.07324 921600 518400
7210 7.97662 528384 5191201.16626 925696 519120
7220 8.10962 528384 5198401.16176 925696 519840
7230 7.99433 532480 5205601.06321 925696 520560
7240 8.6709 532480 5212801.32215 929792 521280
7250 8.88543 532480 5220001.17554 929792 522000
7260 8.09634 532480 5227201.13094 929792 522720
7270 8.33005 532480 5234401.21451 933888 523440
7280 8.20205 532480 5241601.12475 933888 524160
7290 8.1827 536576 5248801.13215 933888 524880
7300 8.27185 536576 5256001.12202 937984 525600
7310 8.17657 536576 5263201.14226 937984 526320
7320 8.4261 536576 5270401.11262 937984 527040
7330 8.26323 536576 5277601.15587 942080 527760
7340 8.67798 540672 5284801.45915 942080 528480
7350 8.58342 540672 5292001.33714 942080 529200
7360 8.36443 540672 5299201.26652 942080 529920
7370 8.35902 540672 5306401.11464 946176 530640
7380 8.49567 540672 5313601.1559 946176 531360
7390 8.69626 540672 5320801.42079 946176 532080
7400 8.74119 544768 5328001.13299 950272 532800
7410 8.47122 544768 5335201.16676 950272 533520
7420 8.35299 544768 5342401.11274 950272 534240
7430 8.31487 544768 5349601.28196 954368 534960
7440 8.51574 544768 5356801.1427 954368 535680
7450 8.48821 548864 5364001.24687 954368 536400
7460 8.21988 548864 5371201.13008 958464 537120
7470 8.171 548864 5378401.14176 958464 537840
7480 8.35136 548864 5385601.21738 958464 538560
7490 8.61623 548864 5392801.18653 962560 539280
7500 8.30084 548864 5400001.20208 962560 540000
7510 8.57593 552960 5407201.26469 962560 540720
7520 9.48618 552960 5414401.2332 962560 541440
7530 8.79544 552960 5421601.1672 966656 542160
7540 8.39454 552960 5428801.2425 966656 542880
7550 8.79081 552960 5436001.29521 966656 543600
7560 8.73526 552960 5443201.1528 970752 544320
7570 8.71221 557056 5450401.3115 970752 545040
7580 9.02331 557056 5457601.33141 970752 545760
7590 9.31143 557056 5464801.26979 974848 546480
7600 8.82749 557056 5472001.35678 974848 547200
7610 9.0245 557056 5479201.23362 974848 547920
7620 8.81969 561152 5486401.27859 978944 548640
7630 8.68932 561152 5493601.2347 978944 549360
7640 8.74184 561152 5500801.24551 978944 550080
7650 8.76854 561152 5508001.23223 983040 550800
7660 8.73651 561152 5515201.29996 983040 551520
7670 8.84256 561152 5522401.26664 983040 552240
7680 8.77003 565248 5529601.18548 983040 552960
7690 8.788 565248 5536801.29545 987136 553680
7700 9.18851 565248 5544001.24892 987136 554400
7710 8.96403 565248 5551201.26268 987136 555120
7720 9.0084 565248 5558401.25455 991232 555840
7730 9.05129 569344 5565601.37283 991232 556560
7740 9.6174 569344 5572801.38191 991232 557280
7750 9.64572 569344 5580001.50752 995328 558000
7760 9.59958 569344 5587201.92662 995328 558720
7770 10.5924 569344 5594401.58556 995328 559440
7780 9.75047 569344 5601601.38272 999424 560160
7790 9.41242 573440 5608801.29103 999424 560880
7800 8.99385 573440 5616001.27012 999424 561600
7810 9.03979 573440 5623201.29889 1003520 562320
7820 9.01863 573440 5630401.2396 1003520 563040
7830 9.11621 573440 5637601.28286 1003520 563760
7840 9.08409 573440 5644801.26057 1003520 564480
7850 9.12334 577536 5652001.29566 1007616 565200
7860 9.19135 577536 5659201.34174 1007616 565920
7870 9.07363 577536 5666401.29891 1007616 566640
7880 9.43355 577536 5673601.28004 1011712 567360
7890 9.19634 577536 5680801.37094 1011712 568080
7900 9.34098 581632 5688001.26133 1011712 568800
7910 10.2082 581632 5695201.30509 1015808 569520
7920 9.46169 581632 5702401.33584 1015808 570240
7930 9.68114 581632 5709601.39449 1015808 570960
7940 9.49664 581632 5716801.30227 1019904 571680
7950 10.491 581632 5724001.40916 1019904 572400
7960 10.2476 585728 5731201.39967 1019904 573120
7970 10.2603 585728 5738401.48496 1024000 573840
7980 9.62298 585728 5745601.54113 1024000 574560
7990 9.91607 585728 5752801.35055 1024000 575280
8000 9.38574 585728 5760001.34573 1024000 576000
8010 10.281 589824 5767201.39864 1028096 576720
8020 11.0408 589824 5774404.06662 1028096 577440
8030 10.5753 589824 5781601.36267 1028096 578160
8040 11.5906 589824 5788802.17026 1032192 578880
8050 10.168 589824 5796001.56805 1032192 579600
8060 12.4888 589824 5803202.53902 1032192 580320
8070 10.3921 593920 5810401.36606 1036288 581040
8080 10.8291 593920 5817601.5677 1036288 581760
8090 11.2036 593920 5824801.78914 1036288 582480
8100 11.6441 593920 5832001.98344 1040384 583200
8110 10.651 593920 5839201.48036 1040384 583920
8120 10.4728 593920 5846401.40051 1040384 584640
8130 9.90913 598016 5853601.74226 1044480 585360
8140 10.0071 598016 5860801.493 1044480 586080
8150 10.1802 598016 5868001.48877 1044480 586800
8160 10.3124 598016 5875201.44297 1044480 587520
8170 9.92787 598016 5882401.45885 1048576 588240
8180 10.1095 602112 5889601.4195 1048576 588960
8190 10.1541 602112 5896801.46171 1048576 589680
8200 10.4905 602112 5904001.47057 1052672 590400
8210 10.7251 602112 5911201.46904 1052672 591120
8220 10.2851 602112 5918401.85597 1052672 591840
8230 10.1521 602112 5925601.44949 1056768 592560
8240 9.98441 606208 5932802.06458 1056768 593280
8250 10.1631 606208 5940001.46616 1056768 594000
8260 10.5671 606208 5947201.37383 1060864 594720
8270 10.4098 606208 5954401.51749 1060864 595440
8280 11.6189 606208 5961601.52246 1060864 596160
8290 10.7466 610304 5968801.54666 1064960 596880
8300 10.6603 610304 5976001.71694 1064960 597600
8310 10.6505 610304 5983201.55093 1064960 598320
8320 10.9426 610304 5990401.54882 1064960 599040
8330 10.5391 610304 5997601.58977 1069056 599760
8340 10.5279 610304 6004801.56531 1069056 600480
8350 10.7057 614400 6012002.04673 1069056 601200
8360 11.1108 614400 6019201.63202 1073152 601920
8370 10.7439 614400 6026401.98067 1073152 602640
8380 11.0035 614400 6033601.67863 1073152 603360
8390 10.8692 614400 6040801.58357 1077248 604080
8400 11.0023 614400 6048001.66803 1077248 604800
8410 11.2174 618496 6055201.81269 1077248 605520
8420 11.2748 618496 6062401.63558 1081344 606240
8430 11.5986 618496 6069601.68687 1081344 606960
8440 11.1128 618496 6076801.64944 1081344 607680
8450 11.4157 618496 6084001.67733 1085440 608400
8460 11.0873 622592 6091201.73871 1085440 609120
8470 11.4916 622592 6098401.63101 1085440 609840
8480 11.4786 622592 6105601.833 1085440 610560
8490 11.3425 622592 6112801.7621 1089536 611280
8500 11.476 622592 6120001.61551 1089536 612000
8510 11.7171 622592 6127201.7358 1089536 612720
8520 11.6215 626688 6134401.80536 1093632 613440
8530 11.958 626688 6141601.58374 1093632 614160
8540 10.8687 626688 6148801.52796 1093632 614880
8550 10.703 626688 6156001.4935 1097728 615600
8560 10.6637 626688 6163201.61314 1097728 616320
8570 10.719 630784 6170401.50125 1097728 617040
8580 10.6397 630784 6177601.56086 1101824 617760
8590 10.719 630784 6184801.51261 1101824 618480
8600 10.7639 630784 6192001.57709 1101824 619200
8610 10.7975 630784 6199201.51137 1105920 619920
8620 10.9154 630784 6206401.53785 1105920 620640
8630 10.9468 634880 6213601.55754 1105920 621360
8640 10.8107 634880 6220801.55605 1105920 622080
8650 10.8321 634880 6228001.59196 1110016 622800
8660 11.0077 634880 6235201.53961 1110016 623520
8670 10.9616 634880 6242401.5597 1110016 624240
8680 10.9489 634880 6249601.59379 1114112 624960
8690 10.9342 638976 6256801.58916 1114112 625680
8700 11.0518 638976 6264001.56188 1114112 626400
8710 11.0769 638976 6271201.5792 1118208 627120
8720 11.1138 638976 6278401.57869 1118208 627840
8730 11.1441 638976 6285601.61229 1118208 628560
8740 11.0629 643072 6292801.66972 1122304 629280
8750 11.1252 643072 6300001.58353 1122304 630000
8760 11.1086 643072 6307201.60296 1122304 630720
8770 11.1902 643072 6314401.62817 1126400 631440
8780 11.2218 643072 6321601.61829 1126400 632160
8790 11.2444 643072 6328801.57415 1126400 632880
8800 11.405 647168 6336001.60533 1126400 633600
8810 11.3263 647168 6343201.65316 1130496 634320
8820 11.2914 647168 6350401.63703 1130496 635040
8830 11.3036 647168 6357601.59581 1130496 635760
8840 11.368 647168 6364801.61951 1134592 636480
8850 12.24 651264 6372001.61054 1134592 637200
8860 11.4906 651264 6379201.65566 1134592 637920
8870 11.4549 651264 6386401.63583 1138688 638640
8880 11.5845 651264 6393601.6635 1138688 639360
8890 11.4417 651264 6400801.77561 1138688 640080
8900 11.6289 651264 6408001.67404 1142784 640800
8910 11.6131 655360 6415201.69758 1142784 641520
8920 11.5559 655360 6422401.69161 1142784 642240
8930 11.6822 655360 6429601.71018 1146880 642960
8940 12.5805 655360 6436802.23784 1146880 643680
8950 12.2881 655360 6444001.57692 1146880 644400
8960 12.8977 655360 6451202.58347 1146880 645120
8970 12.5734 659456 6458402.0942 1150976 645840
8980 12.9564 659456 6465601.91595 1150976 646560
8990 12.238 659456 6472801.69154 1150976 647280
9000 11.8898 659456 6480001.99274 1155072 648000
9010 11.9382 659456 6487201.66006 1155072 648720
9020 12.8508 663552 6494402.11171 1155072 649440
9030 12.7419 663552 6501601.57185 1159168 650160
9040 12.1927 663552 6508801.71337 1159168 650880
9050 11.9284 663552 6516002.04847 1159168 651600
9060 12.163 663552 6523201.75835 1163264 652320
9070 12.4927 663552 6530401.7401 1163264 653040
9080 11.8065 667648 6537601.90702 1163264 653760
9090 12.3669 667648 6544801.68662 1167360 654480
9100 12.4685 667648 6552001.9714 1167360 655200
9110 12.1584 667648 6559201.70936 1167360 655920
9120 12.3968 667648 6566401.76982 1167360 656640
9130 13.2466 671744 6573602.17546 1171456 657360
9140 12.8944 671744 6580802.01591 1171456 658080
9150 12.6353 671744 6588001.73792 1171456 658800
9160 12.1176 671744 6595201.78084 1175552 659520
9170 12.3073 671744 6602401.76859 1175552 660240
9180 12.2427 671744 6609601.74378 1175552 660960
9190 12.2914 675840 6616801.81856 1179648 661680
9200 12.2562 675840 6624001.826 1179648 662400
9210 12.304 675840 6631201.7887 1179648 663120
9220 12.9607 675840 6638402.49346 1183744 663840
9230 13.2549 675840 6645602.14646 1183744 664560
9240 13.2607 675840 6652801.91889 1183744 665280
9250 12.9986 679936 6660002.0628 1187840 666000
9260 13.3461 679936 6667201.86141 1187840 666720
9270 13.5101 679936 6674402.12795 1187840 667440
9280 13.519 679936 6681602.07521 1187840 668160
9290 13.2086 679936 6688802.03624 1191936 668880
9300 13.4081 684032 6696002.38321 1191936 669600
9310 13.1826 684032 6703202.19002 1191936 670320
9320 13.5848 684032 6710402.14059 1196032 671040
9330 14.0127 684032 6717602.44099 1196032 671760
9340 13.312 684032 6724802.33978 1196032 672480
9350 13.2299 684032 6732002.36813 1200128 673200
9360 13.2992 688128 6739202.05398 1200128 673920
9370 13.2692 688128 6746401.92572 1200128 674640
9380 13.0742 688128 6753601.96128 1204224 675360
9390 13.3507 688128 6760801.88603 1204224 676080
9400 12.9986 688128 6768002.20982 1204224 676800
9410 13.3558 692224 6775202.06733 1208320 677520
9420 13.6407 692224 6782402.20922 1208320 678240
9430 14.4316 692224 6789602.69989 1208320 678960
9440 14.4549 692224 6796802.30669 1208320 679680
9450 14.2873 692224 6804002.17138 1212416 680400
9460 13.7875 692224 6811201.83227 1212416 681120
9470 13.7525 696320 6818401.97843 1212416 681840
9480 13.8461 696320 6825601.98726 1216512 682560
9490 13.1939 696320 6832802.06445 1216512 683280
9500 13.1682 696320 6840002.07657 1216512 684000
9510 13.7995 696320 6847202.18928 1220608 684720
9520 13.8074 696320 6854402.39159 1220608 685440
9530 13.5356 700416 6861602.29833 1220608 686160
9540 13.461 700416 6868802.14188 1224704 686880
9550 13.8113 700416 6876001.85985 1224704 687600
9560 13.3644 700416 6883202.66879 1224704 688320
9570 13.7129 700416 6890402.05992 1228800 689040
9580 13.8678 704512 6897601.99624 1228800 689760
9590 13.6153 704512 6904802.1456 1228800 690480
9600 13.666 704512 6912001.96103 1228800 691200
9610 14.0476 704512 6919202.14086 1232896 691920
9620 14.5125 704512 6926402.16681 1232896 692640
9630 14.6954 704512 6933602.10466 1232896 693360
9640 14.4164 708608 6940802.08545 1236992 694080
9650 14.2801 708608 6948002.17884 1236992 694800
9660 14.4968 708608 6955202.02818 1236992 695520
9670 14.3393 708608 6962402.15399 1241088 696240
9680 14.1448 708608 6969602.12174 1241088 696960
9690 14.3464 712704 6976802.08839 1241088 697680
9700 14.0798 712704 6984002.11308 1245184 698400
9710 14.552 712704 6991202.0946 1245184 699120
9720 14.5502 712704 6998402.11004 1245184 699840
9730 14.2981 712704 7005602.086 1249280 700560
9740 14.5384 712704 7012802.23627 1249280 701280
9750 14.5128 716800 7020002.36843 1249280 702000
9760 14.7737 716800 7027202.14889 1249280 702720
9770 14.542 716800 7034402.17091 1253376 703440
9780 14.3047 716800 7041602.34318 1253376 704160
9790 14.7473 716800 7048802.15531 1253376 704880
9800 14.9389 716800 7056002.21623 1257472 705600
9810 14.8223 720896 7063202.24431 1257472 706320
9820 14.4921 720896 7070402.16367 1257472 707040
9830 14.53 720896 7077602.16435 1261568 707760
9840 15.0276 720896 7084802.20895 1261568 708480
9850 14.9915 720896 7092002.18123 1261568 709200
9860 14.8004 724992 7099202.13786 1265664 709920
9870 14.6627 724992 7106402.30572 1265664 710640
9880 14.8551 724992 7113602.18545 1265664 711360
9890 14.8718 724992 7120802.14868 1269760 712080
9900 14.8847 724992 7128002.26023 1269760 712800
9910 14.7946 724992 7135202.293 1269760 713520
9920 14.9952 729088 7142402.18595 1269760 714240
9930 14.9166 729088 7149602.20587 1273856 714960
9940 15.3712 729088 7156802.19271 1273856 715680
9950 14.9439 729088 7164002.25051 1273856 716400
9960 15.1331 729088 7171202.28825 1277952 717120
9970 16.0076 733184 7178402.92778 1277952 717840
9980 15.9689 733184 7185602.88075 1277952 718560
9990 15.1925 733184 7192802.37212 1282048 719280
